    igrf1925 
 10  6371.2 1925.0
-30926
-2318
5817
-893
2969
-1334
1471
728
1140
-1645
-462
1202
119
881
229
891
711
216
601
-163
-426
-130
217
-70
-230
326
-96
226
58
-28
-44
-125
-122
-69
51
61
54
3
-9
99
-238
14
-40
-18
39
13
-103
-52
73
-54
-50
3
-14
27
-14
-35
5
-14
29
19
-17
6
-21
11
7
8
-3
-15
-9
6
2
-14
4
5
-7
17
7
-5
8
-19
8
10
-20
1
14
-11
5
12
-3
1
-2
-2
9
2
10
0
-2
-1
2
-3
-4
2
2
1
-5
2
-2
6
6
-4
4
0
0
-2
1
4
3
0
0
-6