    igrf1930 
 10  6371.2 1930.0
-30805
-2316
5808
-951
2980
-1424
1517
644
1172
-1692
-480
1205
133
907
166
896
727
205
584
-195
-422
-109
234
-90
-237
327
-72
218
60
-32
-53
-131
-118
-74
58
60
53
4
-9
102
-242
19
-32
-16
32
8
-104
-46
74
-54
-51
4
-15
25
-14
-34
6
-12
29
18
-18
6
-20
11
7
8
-3
-15
-9
5
2
-14
5
5
-6
18
8
-5
8
-19
8
10
-20
1
14
-12
5
12
-3
1
-2
-2
9
3
10
0
-2
-2
2
-3
-4
2
2
1
-5
2
-2
6
6
-4
4
0
0
-2
1
4
3
0
0
-6