    igrf1905 
 10  6371.2 1905.0
-31464
-2298
5909
-728
2928
-1086
1041
1065
1037
-1494
-357
1239
34
635
480
880
643
203
653
-77
-380
-201
146
-65
-192
328
-193
259
56
-1
-32
-93
-125
-26
11
62
60
-7
-11
86
-221
4
-57
-32
57
32
-92
-67
70
-54
-46
0
-14
33
-11
-41
0
-20
28
18
-12
6
-22
11
8
8
-4
-15
-9
7
1
-13
2
5
-8
16
5
-5
8
-18
8
10
-20
1
14
-11
5
12
-3
1
-2
-2
8
2
10
0
-2
-1
2
-3
-4
2
2
1
-5
2
-2
6
6
-4
4
0
0
-2
2
4
2
0
0
-6