    igrf1910 
 10  6371.2 1910.0
-31354
-2297
5898
-769
2948
-1128
1176
1000
1058
-1524
-389
1223
62
705
425
884
660
211
644
-90
-400
-189
160
-55
-201
327
-172
253
57
-9
-33
-102
-126
-38
21
62
58
-5
-11
89
-224
5
-54
-29
54
28
-95
-65
71
-54
-47
1
-14
32
-12
-40
1
-19
28
18
-13
6
-22
11
8
8
-4
-15
-9
6
1
-13
2
5
-8
16
5
-5
8
-18
8
10
-20
1
14
-11
5
12
-3
1
-2
-2
8
2
10
0
-2
-1
2
-3
-4
2
2
1
-5
2
-2
6
6
-4
4
0
0
-2
2
4
2
0
0
-6