    igrf1940 
 10  6371.2 1940.0
-30654
-2292
5821
-1106
2981
-1614
1566
528
1240
-1790
-499
1232
163
916
43
914
762
169
550
-252
-405
-72
265
-141
-241
334
-33
208
71
-33
-75
-141
-113
-76
69
57
54
4
-7
105
-249
33
-18
-15
18
0
-107
-33
74
-53
-52
4
-18
20
-14
-31
7
-9
29
17
-20
5
-19
11
7
8
-3
-14
-10
5
1
-15
6
5
-5
19
9
-5
7
-19
8
10
-21
1
15
-12
5
11
-3
1
-3
-2
9
3
11
1
-2
-2
2
-3
-4
2
2
1
-5
2
-2
6
6
-4
4
0
0
-1
2
4
3
0
0
-6