    igrf1920 
 10  6371.2 1920.0
-31060
-2317
5845
-839
2959
-1259
1407
823
1111
-1600
-445
1205
103
839
293
889
695
220
616
-134
-424
-153
199
-57
-221
326
-122
236
58
-23
-38
-119
-125
-62
43
61
55
0
-10
96
-233
11
-46
-22
44
18
-101
-57
73
-54
-49
2
-14
29
-13
-37
4
-16
28
19
-16
6
-22
11
7
8
-3
-15
-9
6
2
-14
4
5
-7
17
6
-5
8
-19
8
10
-20
1
14
-11
5
12
-3
1
-2
-2
9
2
10
0
-2
-1
2
-3
-4
2
2
1
-5
2
-2
6
6
-4
4
0
0
-2
1
4
3
0
0
-6