    igrf1935 
 10  6371.2 1935.0
-30715
-2306
5812
-1018
2984
-1520
1550
586
1206
-1740
-494
1215
146
918
101
903
744
188
565
-226
-415
-90
249
-114
-241
329
-51
211
64
-33
-64
-136
-115
-76
64
59
53
4
-8
104
-246
25
-25
-15
25
4
-106
-40
74
-53
-52
4
-17
23
-14
-33
7
-11
29
18
-19
6
-19
11
7
8
-3
-15
-9
5
1
-15
6
5
-6
18
8
-5
7
-19
8
10
-20
1
15
-12
5
11
-3
1
-3
-2
9
3
11
0
-2
-2
2
-3
-4
2
2
1
-5
2
-2
6
6
-4
4
0
0
-1
2
4
3
0
0
-6