    igrf1900 
 10  6371.2 1900.0
-31543
-2298
5922
-677
2905
-1061
924
1121
1022
-1469
-330
1256
3
572
523
876
628
195
660
-69
-361
-210
134
-75
-184
328
-210
264
53
5
-33
-86
-124
-16
3
63
61
-9
-11
83
-217
2
-58
-35
59
36
-90
-69
70
-55
-45
0
-13
34
-10
-41
-1
-21
28
18
-12
6
-22
11
8
8
-4
-14
-9
7
1
-13
2
5
-9
16
5
-5
8
-18
8
10
-20
1
14
-11
5
12
-3
1
-2
-2
8
2
10
-1
-2
-1
2
-3
-4
2
2
1
-5
2
-2
6
6
-4
4
0
0
-2
2
4
2
0
0
-6