    igrf1915 
 10  6371.2 1915.0
-31212
-2306
5875
-802
2956
-1191
1309
917
1084
-1559
-421
1212
84
778
360
887
678
218
631
-109
-416
-173
178
-51
-211
327
-148
245
58
-16
-34
-111
-126
-51
32
61
57
-2
-10
93
-228
8
-51
-26
49
23
-98
-62
72
-54
-48
2
-14
31
-12
-38
2
-18
28
19
-15
6
-22
11
8
8
-4
-15
-9
6
2
-13
3
5
-8
16
6
-5
8
-18
8
10
-20
1
14
-11
5
12
-3
1
-2
-2
8
2
10
0
-2
-1
2
-3
-4
2
2
1
-5
2
-2
6
6
-4
4
0
0
-2
1
4
2
0
0
-6