 -5.40  -0.344  -0.0800
 -3.56  -0.060  -0.0800
 -1.46   0.209  -0.0800
  0.08   0.374  -0.0800
  1.49   0.519  -0.0800
  2.86   0.656  -0.0800
  4.31   0.794  -0.0800
  5.63   0.899  -0.0800
  7.57   1.039  -0.0800
  8.88   1.118  -0.0800
 10.12   1.168  -0.0800
 11.88   1.184  -0.0800
 13.33   1.212  -0.0800
 14.88   1.180  -0.0800
 16.51   1.141  -0.0800
 17.60   1.181  -0.0800
 19.11   1.102  -0.0800
 17.14   1.187  -0.0800
 15.79   1.186  -0.0800
 14.17   1.194  -0.0800
 12.61   1.223  -0.0800
 11.27   1.181  -0.0800
  9.81   1.157  -0.0800
  8.19   1.072  -0.0800
  6.51   0.953  -0.0800
  5.30   0.865  -0.0800
  3.38   0.697  -0.0800
  2.08   0.570  -0.0800
  0.63   0.424  -0.0800
 -1.30   0.219  -0.0800
 -2.68   0.037  -0.0800
 -3.95  -0.120  -0.0800
 -5.82  -0.397  -0.0800
