 -6.04  -0.445  -0.0241
 -4.39  -0.296  -0.0483
 -3.72  -0.210  -0.0531
 -2.56  -0.080  -0.0610
 -1.37   0.065  -0.0704
 -0.30   0.179  -0.0740
  0.28   0.263  -0.0799
  1.37   0.385  -0.0822
  2.50   0.513  -0.0814
  3.63   0.627  -0.0773
  4.77   0.741  -0.0720
  5.89   0.849  -0.0673
  6.49   0.905  -0.0649
  7.58   0.994  -0.0599
  8.65   1.076  -0.0559
  9.71   1.153  -0.0524
 10.78   1.230  -0.0487
 11.85   1.265  -0.0393
 12.91   1.280  -0.0303
 13.97   1.299  -0.0253
 14.54   1.301  -0.0230
 15.64   1.282  -0.0225
 16.65   0.902  -0.1192
 17.86   0.939  -0.1275
 18.48   0.950  -0.1283
 16.42   0.912  -0.1244
 15.80   0.913  -0.1199
 14.79   0.957  -0.1138
 13.87   1.301  -0.0305
 12.88   1.284  -0.0339
 11.92   1.270  -0.0416
 10.96   1.251  -0.0508
  9.99   1.183  -0.0547
  9.02   1.114  -0.0584
  7.54   1.003  -0.0643
  7.00   0.962  -0.0665
  5.47   0.828  -0.0729
  4.91   0.774  -0.0754
  3.86   0.668  -0.0800
  2.83   0.565  -0.0850
  1.80   0.451  -0.0877
  0.78   0.334  -0.0862
 -0.22   0.204  -0.0796
 -1.24   0.083  -0.0740
 -2.75  -0.091  -0.0620
 -3.27  -0.145  -0.0600
 -4.37  -0.281  -0.0505
 -5.35  -0.387  -0.0418
 -6.47  -0.460  -0.0148