 -3.99   -0.046   0.0202  0.0198   0.0197  0.0214   0.0198
 -2.81    0.066   0.0145  0.0144   0.0142  0.0155   0.0141
 -1.93    0.148   0.0126  0.0129   0.0122  0.0129   0.0124
 -0.92    0.245   0.0101  0.0109   0.0097  0.0102   0.0097
  0.06    0.344   0.0106  0.0106   0.0105  0.0108   0.0104
  1.17    0.462   0.0116  0.0117   0.0116  0.0119   0.0114
  2.10    0.562   0.0124  0.0124   0.0126  0.0124   0.0123
  3.10    0.671   0.0134  0.0133   0.0135  0.0134   0.0132
  4.15    0.779   0.0141  0.0142   0.0140  0.0142   0.0142
  5.30    0.899   0.0146  0.0150   0.0142  0.0143   0.0149
  6.17    0.984   0.0147  0.0151   0.0143  0.0148   0.0148
  7.32    1.099   0.0150  0.0150   0.0148  0.0150   0.0154
  8.32    1.172   0.0179  0.0181   0.0182  0.0179   0.0176
  9.27    1.202   0.0262  0.0262   0.0261  0.0268   0.0256
 10.26    1.216   0.0341  0.0345   0.0333  0.0349   0.0337