-6.13   -0.381  -0.0207
 -5.00   -0.178  -0.0800
 -3.95   -0.047  -0.0887
 -2.97    0.042  -0.0875
 -1.99    0.142  -0.0874
 -0.92    0.243  -0.0862
  0.12    0.344  -0.0874
  1.03    0.448  -0.0881
  2.10    0.556  -0.0888
  3.29    0.683  -0.0899
  4.42    0.798  -0.0891
  5.15    0.871  -0.0889
  6.22    0.975  -0.0879
  7.20    1.079  -0.0865
  8.24    1.155  -0.0821
  9.28    1.198  -0.0750
 10.30    1.211  -0.0676
 11.25    1.216  -0.0630
 12.29    1.212  -0.0630
 13.28    1.215  -0.0669
 14.23    1.206  -0.0727
 15.05    1.137  -0.1468
 16.07    1.070  -0.1833
 17.10    1.053  -0.1849
 18.19    1.089  -0.1878
 17.55    1.065  -0.1865
 16.49    1.082  -0.1898
 15.41    1.210  -0.1625
 14.61    1.256  -0.1192
 13.69    1.211  -0.0674
 12.69    1.215  -0.0629
 11.78    1.217  -0.0623
 10.73    1.217  -0.0632
  9.73    1.205  -0.0692
  8.58    1.174  -0.0773
  7.47    1.104  -0.0822
  6.62    1.027  -0.0841
  5.58    0.923  -0.0849
  4.55    0.815  -0.0852
  3.57    0.713  -0.0851
  2.52    0.603  -0.0849
  1.51    0.491  -0.0844
  0.24    0.356  -0.0834
 -0.61    0.269  -0.0830
 -1.61    0.171  -0.0844
 -2.69    0.070  -0.0841
 -3.86   -0.035  -0.0856
 -4.84   -0.150  -0.0835
 -5.68   -0.303  -0.0502