 -6.08   -0.347  -0.0128
 -5.09   -0.291  -0.0436
 -4.11   -0.134  -0.0767
 -2.99    0.028  -0.0938
 -2.03    0.154  -0.1035
 -0.99    0.246  -0.1018
 -0.01    0.332  -0.1033
  0.98    0.423  -0.1033
  2.00    0.504  -0.1028
  3.06    0.599  -0.1022
  4.13    0.699  -0.1006
  5.15    0.796  -0.0942
  6.12    0.900  -0.0898
  7.15    1.004  -0.0856
  8.24    1.110  -0.0837
  9.30    1.175  -0.0772
 10.26    1.173  -0.0699
 11.75    1.212  -0.0624
 12.24    1.209  -0.0619
 13.33    1.203  -0.0627
 14.23    1.176  -0.0699
 15.17    1.093  -0.1687
 16.18    1.068  -0.1772
 17.16    1.060  -0.1809
 18.42    1.052  -0.1846
 17.47    1.062  -0.1943
 16.45    1.077  -0.1868
 15.58    1.033  -0.1852
 14.57    1.146  -0.1631
 13.71    1.190  -0.0696
 12.68    1.203  -0.0651
 11.74    1.204  -0.0653
 10.60    1.193  -0.0698
  9.60    1.184  -0.0777
  8.71    1.160  -0.0847
  7.64    1.080  -0.0879
  6.64    0.988  -0.0905
  5.60    0.882  -0.0950
  4.53    0.771  -0.1006
  3.57    0.675  -0.1044
  2.53    0.584  -0.1044
  1.45    0.482  -0.1041
  0.45    0.398  -0.1046
 -0.56    0.307  -0.1044
 -1.58    0.204  -0.1045
 -2.57    0.100  -0.1014
 -3.63   -0.049  -0.0854
 -4.70   -0.204  -0.0644
 -5.61   -0.319  -0.0269