 -5.79  -0.308  -0.1630
 -4.41  -0.261  -0.1630
 -2.77  -0.014  -0.1630
 -1.24   0.208  -0.1630
  0.23   0.436  -0.1630
  1.99   0.610  -0.1630
  3.38   0.748  -0.1630
  4.88   0.865  -0.1630
  6.46   0.813  -0.1630
  7.89   0.831  -0.1630
  9.38   0.888  -0.1630
 11.16   1.426  -0.1630
 12.64   1.402  -0.1630
 14.02   1.375  -0.1630
 15.66   1.366  -0.1630
 16.96   1.355  -0.1630
 18.56   1.328  -0.1630
 17.11   1.327  -0.1630
 15.71   1.347  -0.1630
 14.24   1.361  -0.1630
 12.73   1.381  -0.1630
 11.10   1.401  -0.1630
  9.70   1.302  -0.1630
  8.04   0.790  -0.1630
  6.55   0.857  -0.1630
  4.88   0.856  -0.1630
  3.52   0.734  -0.1630
  1.90   0.592  -0.1630
  0.43   0.419  -0.1630
 -1.04   0.215  -0.1630
 -2.64  -0.007  -0.1630
 -4.21  -0.286  -0.1630
 -5.75  -0.361  -0.1630