 -6.03  -0.568   0.0000
 -4.45  -0.459   0.0000
 -2.69  -0.317   0.0000
 -1.16  -0.146   0.0000
  0.15   0.018   0.0000
  1.63   0.183   0.0000
  3.38   0.389   0.0000
  4.68   0.486   0.0000
  6.12   0.595   0.0000
  7.70   0.713   0.0000
  9.21   0.817   0.0000
 10.77   0.857   0.0000
 12.42   0.821   0.0000
 13.78   0.778   0.0000
 15.23   0.699   0.0000
 16.94   0.712   0.0000
 18.42   0.789   0.0000
 16.62   0.717   0.0000
 14.98   0.698   0.0000
 13.66   0.808   0.0000
 12.18   0.837   0.0000
 10.70   0.859   0.0000
  9.28   0.821   0.0000
  7.68   0.704   0.0000
  6.15   0.593   0.0000
  4.61   0.473   0.0000
  3.03   0.351   0.0000
  1.52   0.162   0.0000
 -0.01  -0.009   0.0000
 -1.55  -0.210   0.0000
 -3.43  -0.394   0.0000
 -4.93  -0.504   0.0000
 -6.28  -0.598   0.0000