 -8.91  -0.167  -0.2900
 -7.85  -0.150  -0.2900
 -6.84  -0.054  -0.2900
 -5.85   0.057  -0.2900
 -4.73   0.211  -0.2900
 -3.56   0.356  -0.2900
 -2.83   0.753  -0.2900
 -1.64   0.896  -0.2900
 -0.56   1.021  -0.2900
  0.48   1.127  -0.2900
  1.43   1.215  -0.2900
  2.52   1.317  -0.2900
  3.51   1.401  -0.2900
  4.63   1.487  -0.2900
  5.80   1.580  -0.2900
  6.62   1.642  -0.2900
  7.73   1.726  -0.2900
  8.60   1.785  -0.2900
  9.68   1.855  -0.2900
 10.75   1.928  -0.2900
 11.66   1.979  -0.2900
 12.64   2.033  -0.2900
 13.68   2.086  -0.2900
 14.69   2.143  -0.2900
 15.80   2.181  -0.2900
 16.70   2.183  -0.2900
 17.73   2.137  -0.2900
 18.70   2.055  -0.2900
 19.62   1.995  -0.2900
 20.67   1.984  -0.2900
 21.60   1.941  -0.2900
 22.63   1.910  -0.2900
 23.61   1.889  -0.2900
 22.76   1.911  -0.2900
 21.80   1.932  -0.2900
 20.86   1.973  -0.2900
 19.77   1.991  -0.2900
 18.82   2.050  -0.2900
 17.93   2.125  -0.2900
 16.93   2.188  -0.2900
 15.85   2.187  -0.2900
 14.85   2.156  -0.2900
 13.91   2.111  -0.2900
 12.76   2.047  -0.2900
 11.86   1.995  -0.2900
 10.82   1.924  -0.2900
  9.75   1.855  -0.2900
  8.76   1.785  -0.2900
  7.73   1.717  -0.2900
  6.69   1.640  -0.2900
  5.63   1.559  -0.2900
  4.43   1.462  -0.2900
  3.68   1.404  -0.2900
  2.58   1.311  -0.2900
  1.57   1.218  -0.2900
  0.64   1.129  -0.2900
 -0.48   1.019  -0.2900
 -1.42   0.908  -0.2900
 -2.56   0.783  -0.2900
 -3.51   0.349  -0.2900
 -4.60   0.216  -0.2900
 -5.64   0.073  -0.2900
 -6.64  -0.052  -0.2900
 -7.66  -0.149  -0.2900
 -8.71  -0.175  -0.2900