 -8.72  -0.184  -0.2900
 -7.84  -0.183  -0.2900
 -6.88  -0.177  -0.2900
 -5.84  -0.087  -0.2900
 -4.85   0.042  -0.2900
 -3.78   0.285  -0.2900
 -2.63   0.752  -0.2900
 -1.56   0.897  -0.2900
 -0.60   0.998  -0.2900
  0.42   1.103  -0.2900
  1.53   1.204  -0.2900
  2.57   1.297  -0.2900
  3.63   1.376  -0.2900
  4.55   1.448  -0.2900
  5.55   1.517  -0.2900
  6.63   1.591  -0.2900
  7.69   1.651  -0.2900
  8.61   1.668  -0.2900
  9.45   1.122  -0.2900
 10.43   1.149  -0.2900
 11.43   1.189  -0.2900
 12.55   1.186  -0.2900
 13.60   1.266  -0.2900
 14.50   1.223  -0.2900
 15.54   1.241  -0.2900
 16.53   1.267  -0.2900
 17.56   1.310  -0.2900
 18.59   1.338  -0.2900
 19.51   1.393  -0.2900
 20.59   1.402  -0.2900
 21.57   1.480  -0.2900
 22.58   1.500  -0.2900
 23.52   1.501  -0.2900
 22.69   1.460  -0.2900
 21.68   1.473  -0.2900
 20.73   1.393  -0.2900
 19.73   1.367  -0.2900
 18.72   1.318  -0.2900
 17.70   1.284  -0.2900
 16.68   1.283  -0.2900
 15.65   1.268  -0.2900
 14.69   1.227  -0.2900
 13.69   1.225  -0.2900
 12.63   1.199  -0.2900
 11.67   1.160  -0.2900
 10.63   1.143  -0.2900
  9.60   1.102  -0.2900
  8.65   1.116  -0.2900
  7.65   1.114  -0.2900
  6.67   1.179  -0.2900
  5.78   1.536  -0.2900
  4.69   1.449  -0.2900
  3.69   1.371  -0.2900
  2.65   1.292  -0.2900
  1.68   1.201  -0.2900
  0.61   1.102  -0.2900
 -0.38   1.012  -0.2900
 -1.39   0.898  -0.2900
 -2.47   0.767  -0.2900
 -3.51   0.345  -0.2900
 -4.69   0.051  -0.2900
 -5.74  -0.093  -0.2900
 -6.75  -0.168  -0.2900
 -7.66  -0.193  -0.2900
 -8.71  -0.183  -0.2900