 -3.29   0.387   0.0665   0.0700   0.0666   0.0619   0.0676
 -2.52   0.756   0.0331   0.0365   0.0299   0.0295   0.0365
 -0.99   0.944   0.0226   0.0222   0.0239   0.0221   0.0223
 -0.01   1.048   0.0244   0.0235   0.0283   0.0238   0.0222
  0.92   1.136   0.0280   0.0247   0.0304   0.0313   0.0258
  1.75   1.213   0.0290   0.0267   0.0311   0.0325   0.0259
  2.59   1.291   0.0303   0.0265   0.0346   0.0335   0.0267
  3.72   1.372   0.0332   0.0289   0.0357   0.0371   0.0311
  4.85   1.461   0.0376   0.0325   0.0405   0.0413   0.0362
  5.74   1.529   0.0418   0.0382   0.0442   0.0461   0.0387
  6.72   1.588   0.0481   0.0442   0.0498   0.0531   0.0452