 -4.00  -0.177   0.0239   0.0236   0.0235   0.0234   0.0251
 -2.96  -0.081   0.0183   0.0174   0.0186   0.0180   0.0193
 -1.96   0.015   0.0172   0.0175   0.0172   0.0181   0.0159
 -0.95   0.108   0.0150   0.0159   0.0139   0.0147   0.0153
  0.09   0.273   0.0171   0.0174   0.0176   0.0165   0.0169
  1.13   0.422   0.0191   0.0198   0.0202   0.0182   0.0180
  2.17   0.563   0.0212   0.0226   0.0233   0.0198   0.0192
  3.21   0.691   0.0210   0.0211   0.0208   0.0209   0.0210
  4.22   0.790   0.0184   0.0178   0.0187   0.0183   0.0189
  5.26   0.886   0.0165   0.0165   0.0170   0.0169   0.0156
  6.26   0.968   0.0181   0.0196   0.0173   0.0171   0.0182
  7.38   1.060   0.0217   0.0239   0.0209   0.0204   0.0217
  8.32   1.118   0.0261   0.0247   0.0270   0.0256   0.0270
  9.31   1.163   0.0331   0.0339   0.0341   0.0326   0.0318
 10.33   1.206   0.0425   0.0445   0.0435   0.0416   0.0402