 -4.03  -0.111   0.0188   0.0178   0.0202   0.0187   0.0186
 -2.99   0.006   0.0152   0.0139   0.0169   0.0154   0.0145
 -1.88   0.133   0.0133   0.0134   0.0122   0.0145   0.0133
 -0.86   0.250   0.0118   0.0118   0.0105   0.0133   0.0118
  0.22   0.366   0.0108   0.0106   0.0107   0.0106   0.0111
  1.20   0.472   0.0106   0.0098   0.0112   0.0111   0.0104
  2.23   0.581   0.0101   0.0098   0.0103   0.0106   0.0098
  3.22   0.700   0.0100   0.0093   0.0104   0.0101   0.0104
  4.27   0.807   0.0108   0.0106   0.0109   0.0105   0.0112
  5.28   0.901   0.0127   0.0122   0.0129   0.0127   0.0130
  6.31   0.990   0.0148   0.0144   0.0150   0.0150   0.0150
  7.31   1.068   0.0175   0.0162   0.0179   0.0181   0.0179
  8.32   1.128   0.0220   0.0209   0.0226   0.0218   0.0227
  9.34   1.179   0.0278   0.0268   0.0282   0.0285   0.0277
 10.37   1.219   0.0353   0.0338   0.0368   0.0363   0.0342