 -5.96  -0.387  -0.0312
 -4.53  -0.229  -0.0496
 -3.52  -0.136  -0.0530
 -2.77  -0.068  -0.0542
 -1.74   0.025  -0.0570
 -0.70   0.143  -0.0591
  0.36   0.306  -0.0718
  1.41   0.449  -0.0812
  2.46   0.590  -0.0864
  3.53   0.707  -0.0858
  4.61   0.809  -0.0804
  5.66   0.895  -0.0746
  6.71   0.975  -0.0708
  7.75   1.060  -0.0690
  8.74   1.117  -0.0635
  9.79   1.165  -0.0578
 10.78   1.207  -0.0520
 11.77   1.232  -0.0475
 12.69   1.178  -0.0693
 13.58   1.038  -0.1265
 14.61   1.024  -0.1348
 15.64   1.011  -0.1392
 16.68   0.975  -0.1381
 17.78   1.027  -0.1458
 18.51   1.030  -0.1460
 16.86   1.017  -0.1504
 15.89   0.980  -0.1443
 14.93   0.992  -0.1407
 14.05   1.051  -0.1406
 12.87   1.166  -0.0898
 11.99   1.236  -0.0530
 10.89   1.206  -0.0530
 10.02   1.171  -0.0576
  8.89   1.117  -0.0633
  7.99   1.072  -0.0676
  7.10   1.003  -0.0709
  5.93   0.911  -0.0731
  4.98   0.840  -0.0789
  3.77   0.734  -0.0860
  2.82   0.633  -0.0917
  1.91   0.513  -0.0885
  0.73   0.356  -0.0805
 -0.12   0.227  -0.0698
 -1.31   0.059  -0.0577
 -2.16  -0.005  -0.0600
 -3.34  -0.115  -0.0544
 -4.21  -0.194  -0.0527
 -5.41  -0.311  -0.0497
 -6.38  -0.424  -0.0258