 -5.85  -0.340  -0.0495
 -4.72  -0.180  -0.0677
 -3.62  -0.057  -0.0737
 -2.46   0.067  -0.0792
 -1.67   0.162  -0.0848
 -0.49   0.285  -0.0850
  0.62   0.415  -0.0863
  1.46   0.501  -0.0846
  2.62   0.624  -0.0842
  3.60   0.738  -0.0828
  4.72   0.840  -0.0802
  5.51   0.908  -0.0783
  6.63   1.001  -0.0752
  7.69   1.080  -0.0714
  8.72   1.139  -0.0657
  9.75   1.189  -0.0591
 10.82   1.227  -0.0531
 11.82   1.243  -0.0480
 12.50   1.241  -0.0466
 13.59   1.141  -0.1454
 14.74   1.114  -0.1579
 15.50   1.020  -0.1598
 16.65   1.002  -0.1585
 17.81   1.026  -0.1643
 18.60   1.039  -0.1649
 16.65   0.995  -0.1601
 15.78   1.006  -0.1616
 15.01   1.022  -0.1570
 13.91   1.082  -0.1523
 12.86   1.160  -0.1214
 11.97   1.240  -0.0506
 11.08   1.229  -0.0542
  9.89   1.190  -0.0608
  9.03   1.151  -0.0656
  8.11   1.105  -0.0707
  6.83   1.020  -0.0767
  5.82   0.942  -0.0797
  4.78   0.853  -0.0826
  3.74   0.755  -0.0847
  2.84   0.650  -0.0866
  1.77   0.534  -0.0874
  0.71   0.425  -0.0889
 -0.30   0.313  -0.0883
 -1.32   0.207  -0.0901
 -2.37   0.077  -0.0826
 -3.37  -0.025  -0.0783
 -4.37  -0.137  -0.0728
 -5.36  -0.259  -0.0654
 -6.41  -0.422  -0.0289