3.934 -0.612875 0.727789 9.30804 1013.1 0.0 22.07 22.4237
4.246 -0.57457 0.57457 9.42295 1013.09 0.0 22.07 22.3586
4.455 -0.65118 0.612875 9.34634 1013.08 0.0 22.07 22.402
4.665 -0.612875 0.65118 9.30804 1013.08 0.0 22.07 22.3804
4.875 -0.804398 0.727789 9.38465 1013.09 0.0 22.08 22.3586
5.083 -0.612875 0.727789 9.30804 1013.11 0.0 22.06 22.3369
5.294 -0.612875 0.65118 9.34634 1013.11 0.0 22.07 22.3153
5.505 -0.919312 0.497961 9.42295 1013.05 0.0 22.06 22.4237
5.718 -0.766094 0.57457 9.30804 1013.06 0.0 22.07 22.402
5.98 -0.766094 0.65118 9.34634 1013.09 0.0 22.07 22.3153
6.191 -0.421352 0.842703 9.34634 1013.09 0.0 22.06 22.4237
6.4 -0.612875 0.727789 9.76769 1013.11 0.0 22.07 22.2285
6.609 -0.57457 0.57457 9.30804 1013.08 0.0 22.07 22.3369
6.818 -0.689484 0.804398 9.46126 1013.11 0.0 22.07 22.4237
7.027 -0.65118 0.612875 9.34634 1013.07 0.0 22.07 22.2285
7.236 -0.65118 0.612875 9.34634 1013.09 0.0 22.08 22.3153
7.445 -0.65118 0.57457 9.34634 1013.08 0.0 22.08 22.3153
7.655 -0.612875 0.612875 9.38465 1013.1 0.0 22.07 22.3369
7.967 -0.612875 0.65118 9.0016 1013.1 0.0 22.08 22.4672
8.176 -0.612875 0.689484 9.46126 1013.1 0.0 22.08 22.402
8.387 -0.65118 0.65118 9.42295 1013.08 0.0 22.08 22.4237
8.598 -0.57457 0.536266 9.57617 1013.11 0.0 22.08 22.2936
8.807 -0.612875 0.65118 9.26973 1013.11 0.0 22.07 22.402
9.018 -0.497961 0.689484 9.53786 1013.1 0.0 22.07 22.2936
9.23 -0.612875 0.612875 9.38465 1013.07 0.0 22.07 22.3586
9.445 -0.612875 0.65118 9.23143 1013.09 0.0 22.07 22.3804
9.654 -0.689484 0.689484 9.46126 1013.1 0.0 22.07 22.4237
9.865 -0.612875 0.612875 9.23143 1013.1 0.0 22.07 22.3153
10.076 -0.727789 0.727789 9.46126 1013.09 0.0 22.08 22.3369
10.287 -0.57457 0.65118 9.42295 1013.11 0.0 22.07 22.2936
10.499 -0.689484 0.727789 9.23143 1013.07 0.0 22.07 22.3153
10.708 -0.689484 0.57457 9.19312 1013.06 0.0 22.07 22.402
10.92 -0.689484 0.804398 9.26973 1013.08 0.0 22.08 22.3804
11.131 -0.804398 0.497961 9.38465 1013.08 0.0 22.07 22.4237
11.341 -0.766094 0.612875 9.11651 1013.08 0.0 22.08 22.4672
11.55 -0.727789 0.766094 9.38465 1013.07 0.0 22.07 22.3153
11.861 -0.65118 0.612875 9.34634 1013.07 0.0 22.07 22.3586
12.07 -0.65118 0.57457 9.42295 1013.06 0.0 22.08 22.4237
12.281 -0.727789 0.65118 9.34634 1013.07 0.0 22.08 22.3804
12.492 -0.65118 0.612875 9.38465 1013.08 0.0 22.08 22.3586
12.705 -0.536266 0.65118 9.30804 1013.1 0.0 22.08 22.3804
12.916 -0.612875 0.689484 9.34634 1013.12 0.0 22.08 22.2936
13.126 -0.766094 0.65118 9.57617 1013.08 0.0 22.08 22.3804
13.338 -0.65118 0.57457 9.26973 1013.08 0.0 22.08 22.4454
13.55 -0.65118 0.612875 9.34634 1013.09 0.0 22.08 22.3804
13.762 -0.727789 0.842703 9.53786 1013.07 0.0 22.08 22.4237
13.973 -0.497961 0.65118 9.34634 1013.1 0.0 22.08 22.402
14.184 -0.536266 0.65118 9.38465 1013.1 0.0 22.08 22.3369
14.393 -0.65118 0.612875 9.19312 1013.06 0.0 22.08 22.3369
14.604 -0.65118 0.612875 9.23143 1013.08 0.0 22.08 22.3804
14.815 -0.57457 0.57457 9.46126 1013.08 0.0 22.08 22.3153
15.026 -0.804398 0.727789 9.15482 1013.08 0.0 22.08 22.402
15.235 -0.57457 0.727789 9.38465 1013.12 0.0 22.08 22.3153
15.546 -0.689484 0.804398 9.34634 1013.09 0.0 22.08 22.402
15.757 -0.57457 0.689484 9.46126 1013.08 0.0 22.08 22.3586
15.972 -0.612875 0.536266 9.30804 1013.1 0.0 22.08 22.3804
16.185 -0.766094 0.689484 9.38465 1013.07 0.0 22.08 22.402
16.394 -0.612875 0.57457 9.42295 1013.05 0.0 22.08 22.3153
16.605 -0.65118 0.612875 9.38465 1013.06 0.0 22.08 22.402
16.817 -0.689484 0.612875 9.42295 1013.08 0.0 22.08 22.4237
17.03 -0.536266 0.612875 9.26973 1013.08 0.0 22.08 22.272
17.242 -0.57457 0.65118 9.34634 1013.1 0.0 22.08 22.4672
17.455 -0.612875 0.727789 9.53786 1013.11 0.0 22.08 22.3804
17.67 -0.689484 0.57457 9.38465 1013.09 0.0 22.08 22.4237
17.892 -0.612875 0.65118 9.69109 1013.1 0.0 22.08 22.4237
18.104 -0.65118 0.57457 9.38465 1013.09 0.0 22.08 22.3804
18.318 -0.65118 0.766094 9.15482 1013.13 0.0 22.08 22.3369
18.527 -0.65118 0.612875 9.11651 1013.08 0.0 22.08 22.402
18.736 -0.612875 0.536266 9.30804 1013.07 0.0 22.08 22.3586
18.947 -0.919312 0.65118 9.38465 1013.08 0.0 22.08 22.4237
19.159 -0.65118 0.689484 9.34634 1013.08 0.0 22.08 22.3804
19.471 -0.612875 0.65118 8.81008 1013.05 0.0 22.08 22.272
19.682 -0.727789 0.689484 9.34634 1013.03 0.0 22.08 22.402
19.893 -0.766094 0.766094 8.88668 1013.07 0.0 22.09 22.3153
20.103 -0.612875 0.612875 9.34634 1013.04 0.0 22.09 22.4237
20.314 -0.612875 0.689484 9.65278 1013.07 0.0 22.09 22.3153
20.527 -0.766094 0.727789 9.19312 1013.08 0.0 22.08 22.3586
20.737 -0.689484 0.612875 9.30804 1013.07 0.0 22.09 22.4237
20.947 -0.612875 0.689484 9.42295 1013.08 0.0 22.08 22.3586
21.161 -0.689484 0.612875 9.26973 1013.08 0.0 22.09 22.3586
21.375 -0.689484 0.65118 9.42295 1013.04 0.0 22.08 22.402
21.588 -0.497961 0.65118 9.07821 1013.08 0.0 22.09 22.3804
21.798 -0.612875 0.612875 9.34634 1013.08 0.0 22.09 22.4672
22.009 -0.689484 0.497961 9.49956 1013.05 0.0 22.08 22.3586
22.219 -0.536266 0.804398 9.42295 1013.07 0.0 22.09 22.4237
22.432 -0.689484 0.727789 9.30804 1013.04 0.0 22.08 22.402
22.647 -0.612875 0.766094 9.38465 1013.05 0.0 22.08 22.4237
22.857 -0.497961 0.536266 9.19312 1013.04 0.0 22.08 22.3153
23.166 -0.766094 0.727789 9.26973 1013.06 0.0 22.08 22.402
23.376 -0.65118 0.65118 9.38465 1013.07 0.0 22.08 22.4672
23.589 -0.65118 0.65118 9.42295 1013.08 0.0 22.09 22.3153
23.803 -0.65118 0.65118 9.26973 1013.09 0.0 22.09 22.5105
24.013 -0.65118 0.727789 9.42295 1013.08 0.0 22.09 22.402
24.225 -0.689484 0.57457 9.38465 1013.11 0.0 22.09 22.402
24.435 -0.689484 0.766094 9.0016 1013.08 0.0 22.09 22.4237
24.648 -0.766094 0.612875 9.26973 1013.09 0.0 22.09 22.402
24.858 -0.65118 0.727789 9.23143 1013.08 0.0 22.09 22.4237
25.121 -0.804398 0.689484 9.42295 1013.12 0.0 22.09 22.4237
25.333 -0.727789 0.612875 9.07821 1013.08 0.0 22.09 22.402
25.544 -0.65118 0.65118 9.53786 1013.09 0.0 22.09 22.402
25.757 -0.689484 0.497961 9.34634 1013.08 0.0 22.09 22.3586
25.969 -0.612875 0.57457 9.34634 1013.09 0.0 22.09 22.3586
26.181 -0.536266 0.689484 9.38465 1013.09 0.0 22.09 22.3804
26.393 -0.727789 0.65118 9.30804 1013.13 0.0 22.1 22.3153
26.608 -0.727789 0.612875 9.30804 1013.06 0.0 22.09 22.4237
26.919 -0.612875 0.612875 9.42295 1013.08 0.0 22.09 22.402
27.13 -0.57457 0.727789 9.26973 1013.05 0.0 22.09 22.4454
27.341 -0.612875 0.766094 8.88668 1013.11 0.0 22.09 22.4454
27.552 -0.65118 0.65118 9.38465 1013.09 0.0 22.1 22.4237
27.763 -0.689484 0.766094 9.34634 1013.09 0.0 22.09 22.4237
27.974 -0.689484 0.727789 9.23143 1013.08 0.0 22.09 22.5105
28.185 -0.65118 0.65118 9.34634 1013.09 0.0 22.09 22.3153
28.396 -0.727789 0.612875 9.30804 1013.11 0.0 22.1 22.3586
28.607 -0.727789 0.689484 9.26973 1013.08 0.0 22.1 22.402
28.818 -0.65118 0.612875 9.57617 1013.07 0.0 22.09 22.402
29.031 -0.612875 0.727789 9.34634 1013.08 0.0 22.09 22.4454
29.24 -0.65118 0.65118 9.26973 1013.09 0.0 22.09 22.3804
29.451 -0.612875 0.57457 9.38465 1013.07 0.0 22.09 22.4237
29.66 -0.612875 0.689484 9.38465 1013.07 0.0 22.09 22.4672
29.871 -0.689484 0.766094 9.34634 1013.08 0.0 22.09 22.3586
30.08 -0.536266 0.612875 9.34634 1013.09 0.0 22.09 22.402
30.291 -0.65118 0.689484 9.57617 1013.09 0.0 22.09 22.3153
30.501 -0.612875 0.689484 9.0016 1013.08 0.0 22.09 22.4454
30.81 -0.727789 0.612875 9.34634 1013.11 0.0 22.1 22.402
31.021 -0.689484 0.689484 9.26973 1013.08 0.0 22.09 22.4237
31.23 -0.65118 0.766094 9.72939 1013.07 0.0 22.09 22.4454
31.441 -0.689484 0.497961 9.38465 1013.08 0.0 22.09 22.3153
31.66 -0.766094 0.689484 9.34634 1013.08 0.0 22.09 22.3804
31.872 -0.689484 0.57457 9.38465 1013.05 0.0 22.09 22.4237
32.084 -0.766094 0.536266 9.38465 1013.1 0.0 22.1 22.3586
32.299 -0.766094 0.612875 9.15482 1013.06 0.0 22.09 22.3804
32.513 -0.65118 0.612875 9.38465 1013.07 0.0 22.1 22.4454
32.724 -0.612875 0.57457 9.38465 1013.1 0.0 22.09 22.402
32.935 -0.689484 0.842703 9.49956 1013.11 0.0 22.09 22.402
33.146 -0.727789 0.727789 9.42295 1013.05 0.0 22.09 22.3804
33.356 -0.766094 0.766094 9.26973 1013.11 0.0 22.09 22.4454
33.568 -0.612875 0.65118 9.15482 1013.09 0.0 22.09 22.4237
33.779 -0.689484 0.689484 9.42295 1013.07 0.0 22.09 22.4672
33.99 -0.881008 0.65118 9.42295 1013.09 0.0 22.09 22.4237
34.203 -0.65118 0.689484 9.38465 1013.08 0.0 22.1 22.4237
34.511 -0.919312 0.65118 9.30804 1013.07 0.0 22.09 22.402
34.723 -0.727789 0.689484 9.26973 1013.07 0.0 22.1 22.4672
34.934 -0.65118 0.689484 9.42295 1013.07 0.0 22.1 22.4237
35.147 -0.57457 0.689484 9.30804 1013.1 0.0 22.1 22.5322
35.36 -0.727789 0.612875 9.34634 1013.09 0.0 22.1 22.4672
35.576 -0.57457 0.612875 9.49956 1013.09 0.0 22.1 22.4888
35.787 -0.689484 0.612875 9.42295 1013.09 0.0 22.1 22.4237
36.0 -0.689484 0.536266 9.30804 1013.07 0.0 22.1 22.4888
36.212 -0.612875 0.65118 9.42295 1013.1 0.0 22.1 22.4888
36.425 -0.612875 0.689484 9.42295 1013.1 0.0 22.1 22.4454
36.636 -0.612875 0.612875 9.34634 1013.08 0.0 22.11 22.402
36.849 -0.497961 0.57457 9.30804 1013.11 0.0 22.1 22.4888
37.06 -0.65118 0.612875 9.42295 1013.09 0.0 22.1 22.4888
37.271 -0.65118 0.804398 9.23143 1013.07 0.0 22.1 22.4454
37.482 -0.536266 0.65118 9.34634 1013.08 0.0 22.1 22.4454
37.693 -0.612875 0.65118 9.26973 1013.06 0.0 22.11 22.5105
37.905 -0.65118 0.804398 9.26973 1013.11 0.0 22.1 22.5105
38.116 -0.612875 0.689484 9.61448 1013.09 0.0 22.1 22.402
38.424 -0.689484 0.727789 9.46126 1013.07 0.0 22.1 22.402
38.635 -0.65118 0.612875 9.46126 1013.1 0.0 22.11 22.402
38.847 -0.57457 0.689484 9.46126 1013.12 0.0 22.1 22.402
39.058 -0.766094 0.459656 9.11651 1013.07 0.0 22.11 22.4454
39.271 -0.57457 0.766094 9.57617 1013.09 0.0 22.11 22.402
39.486 -0.497961 0.612875 9.34634 1013.09 0.0 22.11 22.402
39.701 -0.612875 0.689484 9.30804 1013.12 0.0 22.11 22.4454
39.912 -0.57457 0.536266 9.34634 1013.1 0.0 22.11 22.4672
40.126 -0.57457 0.65118 9.42295 1013.06 0.0 22.11 22.4454
40.381 -0.804398 0.689484 9.61448 1013.09 0.0 22.1 22.4237
40.589 -0.612875 0.65118 9.38465 1013.08 0.0 22.11 22.5105
40.8 -0.383047 0.612875 9.69109 1013.1 0.0 22.1 22.5105
41.007 -0.65118 0.689484 9.26973 1013.11 0.0 22.11 22.4672
41.219 -0.65118 0.497961 9.23143 1013.12 0.0 22.1 22.4237
41.43 -0.612875 0.766094 9.46126 1013.11 0.0 22.11 22.4237
41.641 -0.612875 0.612875 9.34634 1013.12 0.0 22.1 22.4672
41.848 -0.65118 0.65118 9.42295 1013.09 0.0 22.11 22.4454
42.157 -0.689484 0.612875 9.30804 1013.12 0.0 22.11 22.4237
42.368 -0.57457 0.57457 9.46126 1013.13 0.0 22.11 22.4237
42.58 -0.612875 0.497961 9.34634 1013.1 0.0 22.11 22.402
42.79 -0.536266 0.536266 9.19312 1013.09 0.0 22.11 22.402
43.0 -0.727789 0.57457 9.42295 1013.11 0.0 22.11 22.402
43.211 -0.689484 0.689484 9.34634 1013.09 0.0 22.11 22.3153
43.421 -0.727789 0.536266 9.34634 1013.1 0.0 22.11 22.3153
43.632 -0.612875 0.57457 9.34634 1013.11 0.0 22.11 22.4454
43.841 -0.65118 0.57457 9.19312 1013.13 0.0 22.11 22.402
44.05 -0.536266 0.65118 9.07821 1013.14 0.0 22.11 22.4454
44.259 -0.65118 0.65118 9.34634 1013.09 0.0 22.11 22.4888
44.469 -0.766094 0.612875 9.19312 1013.11 0.0 22.11 22.4888
44.68 -0.727789 0.766094 9.34634 1013.1 0.0 22.11 22.4454
44.889 -0.766094 0.689484 9.38465 1013.1 0.0 22.11 22.4888
45.099 -0.842703 0.536266 9.26973 1013.11 0.0 22.11 22.402
45.308 -0.612875 0.57457 9.34634 1013.09 0.0 22.11 22.4454
45.53 -0.65118 0.689484 9.34634 1013.19 0.0 22.11 22.3804
45.74 -0.727789 0.536266 9.38465 1013.1 0.0 22.11 22.4454
46.048 -0.536266 0.689484 9.26973 1013.12 0.0 22.11 22.5105
46.256 -0.612875 0.689484 9.42295 1013.1 0.0 22.11 22.4237
46.467 -0.804398 0.689484 9.34634 1013.09 0.0 22.11 22.4888
46.674 -0.842703 0.536266 9.72939 1013.07 0.0 22.11 22.4888
46.884 -0.689484 0.57457 9.49956 1013.1 0.0 22.11 22.4454
47.092 -0.65118 0.689484 9.26973 1013.09 0.0 22.11 22.5105
47.3 -0.536266 0.727789 9.49956 1013.09 0.0 22.11 22.4888
47.508 -0.612875 0.727789 9.23143 1013.1 0.0 22.12 22.4888
47.719 -0.65118 0.727789 9.15482 1013.1 0.0 22.11 22.3586
47.929 -0.766094 0.766094 9.26973 1013.12 0.0 22.12 22.4888
48.137 -0.689484 0.804398 9.07821 1013.1 0.0 22.11 22.4672
48.345 -0.766094 0.612875 9.46126 1013.09 0.0 22.11 22.4672
48.556 -0.57457 0.497961 9.19312 1013.1 0.0 22.11 22.554
48.771 -0.612875 0.689484 9.30804 1013.13 0.0 22.11 22.5973
48.984 -0.536266 0.727789 9.42295 1013.1 0.0 22.11 22.4672
49.194 -0.497961 0.727789 9.07821 1013.09 0.0 22.11 22.4672
49.404 -0.536266 0.65118 9.53786 1013.1 0.0 22.11 22.4672
49.712 -0.689484 0.65118 9.19312 1013.1 0.0 22.12 22.3586
49.923 -0.57457 0.536266 9.34634 1013.12 0.0 22.12 22.554
50.136 -0.766094 0.842703 9.34634 1013.08 0.0 22.12 22.4237
50.348 -0.497961 0.65118 9.11651 1013.07 0.0 22.11 22.4672
50.558 -0.766094 0.65118 9.30804 1013.11 0.0 22.12 22.4888
50.773 -0.689484 0.804398 9.42295 1013.11 0.0 22.12 22.402
50.988 -0.57457 0.804398 9.23143 1013.09 0.0 22.12 22.4672
51.204 -0.536266 0.689484 9.46126 1013.11 0.0 22.11 22.4888
51.416 -0.57457 0.766094 9.38465 1013.08 0.0 22.11 22.4672
51.651 -0.766094 0.612875 9.34634 1013.08 0.0 22.11 22.4454
51.86 -0.689484 0.65118 9.30804 1013.11 0.0 22.11 22.5105
52.068 -0.842703 0.727789 9.26973 1013.08 0.0 22.11 22.402
52.273 -0.612875 0.689484 9.34634 1013.1 0.0 22.12 22.402
52.478 -0.766094 0.536266 9.42295 1013.09 0.0 22.11 22.402
52.682 -0.689484 0.57457 9.34634 1013.1 0.0 22.12 22.5105
52.886 -0.689484 0.65118 9.30804 1013.11 0.0 22.12 22.3586
53.091 -0.536266 0.65118 9.46126 1013.09 0.0 22.11 22.402
53.295 -0.459656 0.57457 9.30804 1013.09 0.0 22.12 22.4888
53.591 -0.766094 0.612875 9.34634 1013.04 0.0 22.11 22.5105
53.8 -0.612875 0.689484 9.30804 1013.13 0.0 22.12 22.554
54.004 -0.65118 0.612875 9.38465 1013.12 0.0 22.12 22.402
54.21 -0.612875 0.65118 9.42295 1013.09 0.0 22.12 22.5105
54.415 -0.459656 0.612875 9.53786 1013.1 0.0 22.12 22.4454
54.624 -0.727789 0.766094 9.38465 1013.07 0.0 22.12 22.4888
54.833 -0.842703 0.766094 9.61448 1013.11 0.0 22.12 22.554
55.044 -0.65118 0.497961 9.34634 1013.08 0.0 22.12 22.4454
55.252 -0.65118 0.689484 9.30804 1013.13 0.0 22.12 22.5105
55.461 -0.689484 0.766094 9.88261 1013.09 0.0 22.12 22.4237
55.671 -0.689484 0.689484 9.42295 1013.06 0.0 22.12 22.5973
55.879 -0.612875 0.689484 9.34634 1013.11 0.0 22.12 22.4888
56.087 -0.689484 0.689484 9.19312 1013.09 0.0 22.12 22.5105
56.295 -0.766094 0.57457 9.38465 1013.1 0.0 22.12 22.5105
56.502 -0.65118 0.689484 9.34634 1013.09 0.0 22.12 22.4672
56.709 -0.612875 0.612875 9.42295 1013.11 0.0 22.12 22.3804
56.918 -0.612875 0.727789 9.30804 1013.06 0.0 22.12 22.5756
57.223 -0.57457 0.612875 9.49956 1013.11 0.0 22.12 22.5322
57.433 -0.65118 0.57457 9.38465 1013.09 0.0 22.12 22.5756
57.641 -0.612875 0.612875 9.42295 1013.09 0.0 22.11 22.4888
57.851 -0.57457 0.65118 9.30804 1013.08 0.0 22.12 22.4888
58.061 -0.612875 0.612875 9.07821 1013.09 0.0 22.12 22.4888
58.27 -0.65118 0.65118 9.34634 1013.08 0.0 22.12 22.4888
58.48 -0.689484 0.65118 9.34634 1013.11 0.0 22.12 22.4672
58.69 -0.766094 0.57457 9.26973 1013.12 0.0 22.12 22.4454
58.9 -0.65118 0.689484 9.34634 1013.08 0.0 22.13 22.5322
59.109 -0.689484 0.65118 9.38465 1013.09 0.0 22.12 22.5322
59.329 -0.612875 0.65118 9.23143 1013.1 0.0 22.12 22.5105
59.541 -0.727789 0.65118 9.53786 1013.08 0.0 22.12 22.4888
59.752 -0.612875 0.766094 9.15482 1013.09 0.0 22.12 22.4672
59.963 -0.536266 0.57457 9.34634 1013.11 0.0 22.12 22.4237
60.174 -0.57457 0.612875 9.34634 1013.08 0.0 22.12 22.5322
60.383 -0.497961 0.612875 9.53786 1013.12 0.0 22.13 22.5322
60.594 -0.689484 0.766094 9.30804 1013.14 0.0 22.13 22.554
60.902 -0.804398 0.65118 9.19312 1013.14 0.0 22.13 22.4454
61.117 -0.727789 0.727789 9.26973 1013.11 0.0 22.13 22.4888
61.328 -0.727789 0.727789 9.26973 1013.1 0.0 22.12 22.4454
61.542 -0.497961 0.766094 9.49956 1013.12 0.0 22.13 22.4888
61.753 -0.727789 0.689484 9.34634 1013.13 0.0 22.12 22.4237
61.964 -0.65118 0.57457 9.38465 1013.07 0.0 22.12 22.402
62.173 -0.612875 0.65118 9.42295 1013.12 0.0 22.12 22.4672
62.384 -0.65118 0.689484 9.15482 1013.07 0.0 22.12 22.554
62.593 -0.65118 0.536266 9.23143 1013.16 0.0 22.12 22.4672
62.803 -0.766094 0.804398 9.23143 1013.12 0.0 22.13 22.4888
63.016 -0.57457 0.536266 9.38465 1013.07 0.0 22.12 22.4888
63.227 -0.804398 0.727789 9.38465 1013.1 0.0 22.12 22.5322
63.44 -0.65118 0.689484 9.38465 1013.07 0.0 22.12 22.4888
63.65 -0.612875 0.65118 9.34634 1013.09 0.0 22.12 22.554
63.863 -0.65118 0.65118 9.34634 1013.12 0.0 22.13 22.402
64.075 -0.65118 0.727789 9.49956 1013.07 0.0 22.12 22.4672
64.285 -0.766094 0.804398 9.38465 1013.1 0.0 22.13 22.5105
64.497 -0.689484 0.65118 9.30804 1013.06 0.0 22.13 22.4237
64.809 -0.65118 0.65118 9.30804 1013.1 0.0 22.13 22.4237
65.022 -0.57457 0.57457 9.26973 1013.11 0.0 22.13 22.4888
65.236 -0.57457 0.612875 9.07821 1013.12 0.0 22.13 22.4672
65.449 -0.727789 0.536266 9.57617 1013.11 0.0 22.13 22.4888
65.662 -0.727789 0.612875 9.19312 1013.08 0.0 22.13 22.4454
65.875 -0.689484 0.689484 9.34634 1013.09 0.0 22.13 22.5105
66.086 -0.536266 0.65118 9.38465 1013.07 0.0 22.12 22.4672
66.3 -0.65118 0.57457 9.23143 1013.11 0.0 22.13 22.5105
66.511 -0.497961 0.65118 9.38465 1013.07 0.0 22.12 22.5322
66.745 -0.459656 0.612875 9.26973 1013.09 0.0 22.13 22.4888
66.953 -0.497961 0.727789 9.34634 1013.1 0.0 22.13 22.4454
67.158 -0.65118 0.57457 9.42295 1013.07 0.0 22.13 22.4888
67.365 -0.536266 0.612875 9.30804 1013.08 0.0 22.13 22.4672
67.572 -0.65118 0.65118 9.34634 1013.1 0.0 22.13 22.5105
67.779 -0.612875 0.612875 9.23143 1013.07 0.0 22.13 22.4888
67.985 -0.689484 0.727789 9.23143 1013.08 0.0 22.13 22.5322
68.193 -0.57457 0.766094 9.30804 1013.07 0.0 22.13 22.4237
68.495 -0.65118 0.727789 9.46126 1013.06 0.0 22.13 22.5322
68.703 -0.497961 0.612875 9.26973 1013.07 0.0 22.13 22.5105
68.913 -0.766094 0.612875 9.49956 1013.09 0.0 22.13 22.4672
69.122 -0.612875 0.536266 9.34634 1013.1 0.0 22.13 22.4454
69.332 -0.689484 0.727789 9.46126 1013.11 0.0 22.13 22.4672
69.541 -0.766094 0.65118 9.23143 1013.1 0.0 22.13 22.5322
69.75 -0.65118 0.612875 9.34634 1013.09 0.0 22.13 22.4454
69.958 -0.612875 0.689484 9.07821 1013.13 0.0 22.13 22.5756
70.167 -0.65118 0.689484 9.49956 1013.09 0.0 22.13 22.5105
70.379 -0.612875 0.612875 9.34634 1013.09 0.0 22.13 22.4672
70.589 -0.689484 0.57457 9.49956 1013.13 0.0 22.13 22.554
70.798 -0.727789 0.459656 9.49956 1013.07 0.0 22.13 22.5973
71.008 -0.497961 0.612875 9.42295 1013.1 0.0 22.13 22.4672
71.219 -0.689484 0.727789 9.19312 1013.07 0.0 22.12 22.4454
71.43 -0.689484 0.65118 9.34634 1013.14 0.0 22.14 22.554
71.639 -0.727789 0.57457 9.15482 1013.11 0.0 22.13 22.4888
71.849 -0.536266 0.536266 9.30804 1013.11 0.0 22.13 22.5322
72.155 -0.459656 0.804398 9.34634 1013.13 0.0 22.13 22.554
72.365 -0.57457 0.689484 9.34634 1013.09 0.0 22.13 22.5105
72.575 -0.689484 0.612875 9.34634 1013.16 0.0 22.13 22.554
72.785 -0.612875 0.65118 9.53786 1013.11 0.0 22.13 22.5322
72.995 -0.727789 0.727789 9.11651 1013.11 0.0 22.13 22.554
73.213 -0.727789 0.65118 9.30804 1013.12 0.0 22.13 22.5756
73.424 -0.65118 0.612875 9.34634 1013.13 0.0 22.14 22.5105
73.634 -0.612875 0.497961 9.34634 1013.09 0.0 22.14 22.4888
73.845 -0.727789 0.689484 9.34634 1013.15 0.0 22.14 22.4672
74.056 -0.842703 0.65118 9.46126 1013.12 0.0 22.13 22.5322
74.267 -0.612875 0.65118 9.53786 1013.14 0.0 22.14 22.4454
74.478 -0.689484 0.65118 9.61448 1013.13 0.0 22.13 22.4888
74.69 -0.727789 0.57457 9.30804 1013.16 0.0 22.14 22.554
74.899 -0.57457 0.536266 9.34634 1013.12 0.0 22.13 22.5105
75.11 -0.612875 0.65118 9.42295 1013.1 0.0 22.14 22.5756
75.32 -0.612875 0.727789 9.30804 1013.11 0.0 22.13 22.5973
75.529 -0.612875 0.65118 9.34634 1013.12 0.0 22.14 22.5105
75.739 -0.612875 0.727789 9.23143 1013.12 0.0 22.14 22.4454
76.046 -0.689484 0.536266 9.42295 1013.09 0.0 22.13 22.5973
76.257 -0.57457 0.65118 9.15482 1013.09 0.0 22.13 22.5322
76.469 -0.919312 0.612875 9.34634 1013.12 0.0 22.14 22.5105
76.68 -0.612875 0.689484 9.23143 1013.15 0.0 22.14 22.5756
76.891 -0.57457 0.65118 9.34634 1013.12 0.0 22.14 22.5756
77.103 -0.612875 0.689484 9.42295 1013.13 0.0 22.14 22.402
77.316 -0.57457 0.727789 8.92499 1013.17 0.0 22.14 22.4672
77.529 -0.65118 0.727789 9.34634 1013.12 0.0 22.14 22.5322
77.743 -0.65118 0.57457 9.19312 1013.15 0.0 22.14 22.5105
77.957 -0.804398 0.612875 9.34634 1013.12 0.0 22.13 22.5973
78.169 -0.727789 0.727789 9.42295 1013.08 0.0 22.13 22.5105
78.382 -0.65118 0.65118 9.38465 1013.11 0.0 22.13 22.4888
78.594 -0.65118 0.57457 9.15482 1013.11 0.0 22.13 22.5322
78.807 -0.689484 0.536266 9.42295 1013.1 0.0 22.13 22.5105
79.021 -0.804398 0.65118 9.46126 1013.13 0.0 22.14 22.554
79.236 -0.612875 0.536266 9.38465 1013.09 0.0 22.13 22.5322
79.452 -0.65118 0.57457 9.61448 1013.1 0.0 22.14 22.5105
79.762 -0.65118 0.65118 9.30804 1013.1 0.0 22.14 22.4888
79.974 -0.689484 0.497961 9.38465 1013.11 0.0 22.13 22.554
80.188 -0.727789 0.65118 9.42295 1013.09 0.0 22.14 22.4888
80.401 -0.536266 0.57457 9.26973 1013.13 0.0 22.14 22.5105
80.614 -0.727789 0.57457 9.34634 1013.11 0.0 22.14 22.5756
80.827 -0.65118 0.536266 9.38465 1013.12 0.0 22.14 22.5322
81.042 -0.727789 0.804398 9.46126 1013.11 0.0 22.14 22.554
81.258 -0.689484 0.536266 9.34634 1013.13 0.0 22.14 22.4672
81.476 -0.57457 0.727789 9.34634 1013.13 0.0 22.14 22.4454
81.709 -0.689484 0.612875 9.38465 1013.13 0.0 22.14 22.554
81.916 -0.766094 0.689484 9.11651 1013.14 0.0 22.14 22.554
82.125 -0.842703 0.727789 9.19312 1013.11 0.0 22.14 22.554
82.331 -0.766094 0.65118 9.46126 1013.13 0.0 22.15 22.4454
82.538 -0.881008 0.612875 9.30804 1013.14 0.0 22.14 22.5973
82.745 -0.766094 0.497961 9.42295 1013.16 0.0 22.14 22.554
82.951 -0.612875 0.65118 9.38465 1013.09 0.0 22.13 22.5756
83.157 -0.727789 0.727789 9.42295 1013.12 0.0 22.13 22.4672
83.365 -0.689484 0.65118 9.53786 1013.13 0.0 22.14 22.4888
83.663 -0.536266 0.689484 9.34634 1013.11 0.0 22.14 22.4888
83.869 -0.727789 0.727789 9.26973 1013.09 0.0 22.13 22.5105
84.075 -0.612875 0.65118 9.30804 1013.12 0.0 22.13 22.402
84.283 -0.766094 0.57457 9.46126 1013.1 0.0 22.13 22.5322
84.489 -0.842703 0.612875 9.07821 1013.09 0.0 22.14 22.4888
84.699 -0.65118 0.612875 9.38465 1013.15 0.0 22.14 22.4672
84.905 -0.766094 0.65118 9.30804 1013.12 0.0 22.13 22.554
85.113 -0.65118 0.65118 9.65278 1013.1 0.0 22.13 22.554
85.322 -0.612875 0.612875 9.38465 1013.11 0.0 22.14 22.5756
85.535 -0.727789 0.689484 9.38465 1013.11 0.0 22.13 22.5756
85.744 -0.536266 0.689484 9.42295 1013.09 0.0 22.13 22.5973
85.951 -0.727789 0.536266 9.49956 1013.11 0.0 22.14 22.5322
86.158 -0.612875 0.727789 9.30804 1013.12 0.0 22.14 22.5322
86.367 -0.804398 0.65118 9.53786 1013.12 0.0 22.14 22.4888
86.575 -0.65118 0.57457 9.42295 1013.13 0.0 22.14 22.554
86.792 -0.497961 0.65118 9.26973 1013.1 0.0 22.13 22.4888
87.003 -0.689484 0.57457 9.38465 1013.11 0.0 22.14 22.4672
87.31 -0.727789 0.689484 9.30804 1013.12 0.0 22.14 22.4888
87.523 -0.766094 0.536266 9.11651 1013.09 0.0 22.14 22.4888
87.734 -0.65118 0.689484 9.23143 1013.13 0.0 22.14 22.4888
87.948 -0.612875 0.689484 9.34634 1013.11 0.0 22.14 22.4888
88.157 -0.689484 0.65118 9.49956 1013.11 0.0 22.14 22.5756
88.368 -0.689484 0.727789 9.19312 1013.08 0.0 22.14 22.4888
88.581 -0.804398 0.65118 9.49956 1013.08 0.0 22.13 22.5756
88.793 -0.727789 0.57457 9.42295 1013.1 0.0 22.13 22.5973
89.005 -0.65118 0.57457 9.30804 1013.12 0.0 22.13 22.4237
89.218 -0.65118 0.689484 9.15482 1013.11 0.0 22.13 22.5322
89.431 -0.612875 0.57457 9.30804 1013.13 0.0 22.13 22.4888
89.643 -0.689484 0.689484 9.30804 1013.11 0.0 22.13 22.402
89.857 -0.612875 0.612875 9.42295 1013.08 0.0 22.13 22.5756
90.071 -0.804398 0.689484 9.57617 1013.15 0.0 22.14 22.5105
90.281 -0.65118 0.727789 9.38465 1013.11 0.0 22.13 22.5973
90.492 -0.612875 0.612875 9.11651 1013.09 0.0 22.13 22.554
90.704 -0.766094 0.766094 9.72939 1013.08 0.0 22.13 22.554
91.016 -0.65118 0.57457 9.42295 1013.11 0.0 22.13 22.554
91.23 -0.612875 0.766094 9.03991 1013.1 0.0 22.13 22.402
91.446 -0.65118 0.57457 9.46126 1013.12 0.0 22.14 22.4888
91.659 -0.727789 0.536266 9.61448 1013.13 0.0 22.13 22.5973
91.872 -0.689484 0.612875 9.34634 1013.14 0.0 22.14 22.5322
92.083 -0.612875 0.65118 9.30804 1013.11 0.0 22.14 22.4888
92.296 -0.65118 0.65118 9.15482 1013.13 0.0 22.13 22.5756
92.509 -0.727789 0.65118 9.34634 1013.11 0.0 22.13 22.5322
92.722 -0.727789 0.689484 9.15482 1013.1 0.0 22.13 22.4672
92.935 -0.689484 0.612875 9.23143 1013.08 0.0 22.13 22.5105
93.149 -0.65118 0.57457 9.30804 1013.11 0.0 22.13 22.5973
93.364 -0.766094 0.65118 9.23143 1013.12 0.0 22.13 22.4888
93.578 -0.536266 0.65118 9.57617 1013.12 0.0 22.13 22.554
93.79 -0.689484 0.727789 9.34634 1013.13 0.0 22.13 22.4672
94.003 -0.65118 0.689484 9.42295 1013.13 0.0 22.13 22.5322
94.217 -0.536266 0.65118 9.34634 1013.09 0.0 22.13 22.5756
94.431 -0.65118 0.57457 9.34634 1013.11 0.0 22.13 22.554
94.645 -0.65118 0.689484 9.38465 1013.13 0.0 22.14 22.6407
94.958 -0.57457 0.536266 9.34634 1013.11 0.0 22.13 22.5973
95.172 -0.57457 0.65118 9.42295 1013.1 0.0 22.14 22.5322
95.386 -0.689484 0.612875 9.26973 1013.13 0.0 22.14 22.619
95.603 -0.689484 0.727789 9.42295 1013.1 0.0 22.14 22.554
95.818 -0.612875 0.689484 9.26973 1013.12 0.0 22.13 22.619
96.032 -0.57457 0.65118 9.57617 1013.1 0.0 22.14 22.5322
96.245 -0.766094 0.65118 8.96329 1013.14 0.0 22.14 22.5105
96.458 -0.536266 0.65118 9.26973 1013.14 0.0 22.14 22.5322
96.671 -0.727789 0.612875 9.57617 1013.11 0.0 22.14 22.402
96.905 -0.689484 0.65118 9.42295 1013.1 0.0 22.13 22.4888
97.112 -0.727789 0.65118 9.15482 1013.09 0.0 22.13 22.4888
97.319 -0.766094 0.727789 9.53786 1013.11 0.0 22.14 22.554
97.53 -0.727789 0.57457 9.30804 1013.12 0.0 22.14 22.5973
97.739 -0.727789 0.65118 9.34634 1013.13 0.0 22.14 22.4888
97.947 -0.689484 0.727789 9.46126 1013.11 0.0 22.13 22.6625
98.156 -0.727789 0.612875 9.42295 1013.14 0.0 22.14 22.4888
98.368 -0.57457 0.65118 9.30804 1013.12 0.0 22.14 22.5322
98.672 -0.536266 0.689484 9.26973 1013.13 0.0 22.14 22.554
98.882 -0.65118 0.65118 9.49956 1013.14 0.0 22.14 22.5756
99.093 -0.689484 0.727789 9.46126 1013.13 0.0 22.14 22.4888
99.301 -0.727789 0.727789 9.38465 1013.12 0.0 22.14 22.4888
99.511 -0.536266 0.612875 9.34634 1013.12 0.0 22.14 22.4237
99.722 -0.842703 0.612875 9.30804 1013.14 0.0 22.14 22.5973
99.935 -0.57457 0.727789 9.42295 1013.1 0.0 22.14 22.554
100.147 -0.612875 0.612875 9.30804 1013.13 0.0 22.14 22.6407
100.359 -0.612875 0.612875 9.34634 1013.14 0.0 22.14 22.6842
100.57 -0.612875 0.689484 9.38465 1013.11 0.0 22.13 22.554
100.794 -0.65118 0.612875 9.38465 1013.1 0.0 22.14 22.5322
101.006 -0.65118 0.612875 9.30804 1013.1 0.0 22.14 22.554
101.219 -0.727789 0.727789 9.38465 1013.11 0.0 22.14 22.5105
101.43 -0.612875 0.57457 9.34634 1013.08 0.0 22.13 22.5322
101.645 -0.536266 0.65118 9.42295 1013.14 0.0 22.14 22.4888
101.858 -0.804398 0.536266 9.42295 1013.11 0.0 22.14 22.5756
102.073 -0.57457 0.689484 9.34634 1013.08 0.0 22.13 22.5973
102.382 -0.536266 0.689484 9.34634 1013.11 0.0 22.14 22.619
102.597 -0.881008 0.536266 9.42295 1013.13 0.0 22.13 22.4888
102.811 -0.727789 0.612875 9.34634 1013.16 0.0 22.14 22.5756
103.024 -0.65118 0.536266 9.57617 1013.12 0.0 22.13 22.554
103.237 -0.727789 0.689484 9.38465 1013.1 0.0 22.13 22.554
103.453 -0.497961 0.689484 9.49956 1013.14 0.0 22.14 22.554
103.668 -0.57457 0.612875 9.30804 1013.11 0.0 22.13 22.5973
103.88 -0.57457 0.65118 9.30804 1013.12 0.0 22.13 22.554
104.097 -0.689484 0.766094 9.42295 1013.12 0.0 22.13 22.5105
104.309 -0.727789 0.57457 9.34634 1013.14 0.0 22.13 22.402
104.526 -0.612875 0.57457 9.38465 1013.13 0.0 22.13 22.5105
104.743 -0.65118 0.689484 9.34634 1013.07 0.0 22.14 22.554
104.958 -0.727789 0.612875 9.46126 1013.11 0.0 22.13 22.5105
105.174 -0.689484 0.57457 9.23143 1013.13 0.0 22.13 22.5322
105.389 -0.804398 0.497961 9.42295 1013.12 0.0 22.13 22.4454
105.603 -0.727789 0.689484 9.53786 1013.11 0.0 22.13 22.619
105.82 -0.57457 0.65118 9.42295 1013.14 0.0 22.13 22.5973
106.032 -0.689484 0.65118 9.34634 1013.12 0.0 22.13 22.554
106.342 -0.497961 0.689484 9.30804 1013.11 0.0 22.13 22.5756
106.557 -0.612875 0.65118 9.11651 1013.12 0.0 22.13 22.5973
106.772 -0.842703 0.57457 9.46126 1013.13 0.0 22.13 22.554
106.99 -0.65118 0.65118 9.23143 1013.11 0.0 22.12 22.4888
107.208 -0.612875 0.65118 9.42295 1013.09 0.0 22.13 22.554
107.424 -0.65118 0.57457 9.26973 1013.11 0.0 22.13 22.4888
107.64 -0.727789 0.727789 9.34634 1013.11 0.0 22.13 22.5973
107.855 -0.727789 0.727789 9.34634 1013.15 0.0 22.14 22.6842
108.073 -0.727789 0.65118 9.26973 1013.11 0.0 22.13 22.554
108.29 -0.689484 0.689484 9.61448 1013.11 0.0 22.12 22.5756
108.507 -0.727789 0.612875 9.30804 1013.14 0.0 22.13 22.4454
108.727 -0.459656 0.65118 9.34634 1013.11 0.0 22.13 22.5973
108.946 -0.612875 0.689484 9.30804 1013.14 0.0 22.13 22.554
109.165 -0.689484 0.612875 9.11651 1013.14 0.0 22.13 22.554
109.381 -0.766094 0.689484 9.57617 1013.15 0.0 22.12 22.5756
109.597 -0.689484 0.727789 9.23143 1013.11 0.0 22.13 22.4888
109.813 -0.65118 0.689484 9.57617 1013.1 0.0 22.13 22.5973
110.132 -0.804398 0.689484 9.57617 1013.12 0.0 22.13 22.4672
110.351 -0.65118 0.65118 9.11651 1013.13 0.0 22.14 22.554
110.569 -0.612875 0.57457 9.23143 1013.12 0.0 22.14 22.554
110.788 -0.612875 0.536266 9.30804 1013.11 0.0 22.14 22.4672
111.007 -0.689484 0.727789 9.49956 1013.14 0.0 22.14 22.554
111.225 -0.65118 0.65118 9.46126 1013.09 0.0 22.14 22.619
111.446 -0.612875 0.689484 9.65278 1013.13 0.0 22.14 22.4888
111.667 -0.689484 0.65118 9.30804 1013.12 0.0 22.14 22.5322
111.909 -0.459656 0.57457 9.23143 1013.13 0.0 22.14 22.5973
112.12 -0.612875 0.65118 9.34634 1013.1 0.0 22.14 22.554
112.333 -0.804398 0.766094 8.96329 1013.11 0.0 22.14 22.5756
112.542 -0.536266 0.727789 9.15482 1013.15 0.0 22.15 22.5756
112.754 -0.727789 0.689484 9.15482 1013.14 0.0 22.14 22.5756
112.969 -0.689484 0.689484 9.26973 1013.12 0.0 22.14 22.554
113.184 -0.57457 0.727789 9.15482 1013.13 0.0 22.14 22.6407
113.399 -0.689484 0.612875 9.42295 1013.16 0.0 22.15 22.619
113.613 -0.536266 0.689484 9.53786 1013.12 0.0 22.14 22.6407
113.918 -0.804398 0.57457 9.46126 1013.13 0.0 22.14 22.5756
114.13 -0.383047 0.268133 9.53786 1013.15 0.0 22.15 22.619
114.342 -0.344742 0.306437 9.15482 1013.14 0.0 22.15 22.5105
114.552 -0.612875 0.689484 9.49956 1013.12 0.0 22.15 22.5756
114.774 -0.57457 0.689484 9.38465 1013.12 0.0 22.15 22.5105
114.987 -0.497961 0.689484 9.34634 1013.15 0.0 22.15 22.4888
115.199 -0.612875 0.727789 9.26973 1013.11 0.0 22.15 22.5105
115.414 -0.459656 0.612875 9.23143 1013.12 0.0 22.15 22.5756
115.626 -0.383047 0.727789 9.11651 1013.12 0.0 22.14 22.554
115.839 -0.57457 0.689484 9.30804 1013.11 0.0 22.14 22.5973
116.051 -0.497961 0.727789 9.34634 1013.15 0.0 22.15 22.5973
116.265 -0.459656 0.766094 9.11651 1013.14 0.0 22.15 22.5322
116.478 -0.536266 0.766094 9.30804 1013.1 0.0 22.15 22.5973
116.689 -0.612875 0.919312 9.30804 1013.11 0.0 22.15 22.5756
116.903 -1.30236 1.34066 9.07821 1013.15 0.0 22.15 22.5322
117.117 -0.421352 0.919312 9.23143 1013.1 0.0 22.15 22.5973
117.333 -0.421352 0.689484 9.34634 1013.11 0.0 22.15 22.554
117.64 -0.536266 0.689484 9.34634 1013.11 0.0 22.15 22.5973
117.856 -0.57457 0.766094 9.38465 1013.12 0.0 22.15 22.619
118.071 -0.459656 0.842703 9.42295 1013.16 0.0 22.15 22.619
118.287 -0.612875 0.804398 9.26973 1013.15 0.0 22.15 22.6407
118.501 -0.536266 0.689484 9.26973 1013.12 0.0 22.15 22.5756
