    1.000000      0.1260000E-02
   0.9948492      0.1980411E-02
   0.9882216      0.2900675E-02
   0.9808288      0.3918407E-02
   0.9726959      0.5027479E-02
   0.9639016      0.6214536E-02
   0.9545623      0.7461488E-02
   0.9448066      0.8749269E-02
   0.9347519      0.1006101E-01
   0.9244921      0.1138355E-01
   0.9140960      0.1270752E-01
   0.9036108      0.1402663E-01
   0.8930677      0.1533688E-01
   0.8824869      0.1663578E-01
   0.8718812      0.1792182E-01
   0.8612588      0.1919413E-01
   0.8506248      0.2045220E-01
   0.8399825      0.2169575E-01
   0.8293341      0.2292463E-01
   0.8186811      0.2413876E-01
   0.8080244      0.2533809E-01
   0.7973648      0.2652260E-01
   0.7867029      0.2769224E-01
   0.7760391      0.2884698E-01
   0.7653739      0.2998676E-01
   0.7547076      0.3111149E-01
   0.7440405      0.3222110E-01
   0.7333731      0.3331545E-01
   0.7227057      0.3439440E-01
   0.7120385      0.3545780E-01
   0.7013719      0.3650547E-01
   0.6907063      0.3753717E-01
   0.6800419      0.3855270E-01
   0.6693791      0.3955177E-01
   0.6587183      0.4053411E-01
   0.6480598      0.4149941E-01
   0.6374038      0.4244733E-01
   0.6267509      0.4337751E-01
   0.6161013      0.4428955E-01
   0.6054554      0.4518303E-01
   0.5948136      0.4605752E-01
   0.5841763      0.4691254E-01
   0.5735438      0.4774759E-01
   0.5629165      0.4856213E-01
   0.5522949      0.4935560E-01
   0.5416794      0.5012742E-01
   0.5310705      0.5087696E-01
   0.5204685      0.5160356E-01
   0.5098739      0.5230654E-01
   0.4992873      0.5298518E-01
   0.4887091      0.5363872E-01
   0.4781399      0.5426638E-01
   0.4675802      0.5486733E-01
   0.4570305      0.5544070E-01
   0.4464916      0.5598561E-01
   0.4359640      0.5650110E-01
   0.4254484      0.5698621E-01
   0.4149456      0.5743990E-01
   0.4044562      0.5786111E-01
   0.3939811      0.5824873E-01
   0.3835211      0.5860160E-01
   0.3730772      0.5891851E-01
   0.3626504      0.5919820E-01
   0.3522416      0.5943937E-01
   0.3418521      0.5964063E-01
   0.3314831      0.5980057E-01
   0.3211360      0.5991768E-01
   0.3108122      0.5999043E-01
   0.3005134      0.6001717E-01
   0.2902413      0.5999621E-01
   0.2799980      0.5992579E-01
   0.2697856      0.5980405E-01
   0.2596066      0.5962906E-01
   0.2494638      0.5939881E-01
   0.2393603      0.5911118E-01
   0.2292997      0.5876398E-01
   0.2192861      0.5835495E-01
   0.2093244      0.5788171E-01
   0.1994200      0.5734184E-01
   0.1895799      0.5673288E-01
   0.1798118      0.5605233E-01
   0.1701255      0.5529778E-01
   0.1605328      0.5446691E-01
   0.1510481      0.5355770E-01
   0.1416892      0.5256857E-01
   0.1324782      0.5149865E-01
   0.1234417      0.5034814E-01
   0.1146121      0.4911872E-01
   0.1060271      0.4781401E-01
   0.9772943E-01  0.4644004E-01
   0.8976493E-01  0.4500550E-01
   0.8217935E-01  0.4352172E-01
   0.7501409E-01  0.4200215E-01
   0.6830166E-01  0.4046142E-01
   0.6206193E-01  0.3891409E-01
   0.5630035E-01  0.3737335E-01
   0.5100836E-01  0.3585008E-01
   0.4616584E-01  0.3435234E-01
   0.4174446E-01  0.3288533E-01
   0.3771125E-01  0.3145174E-01
   0.3403158E-01  0.3005218E-01
   0.3067141E-01  0.2868577E-01
   0.2759868E-01  0.2735054E-01
   0.2478410E-01  0.2604384E-01
   0.2220150E-01  0.2476261E-01
   0.1982787E-01  0.2350356E-01
   0.1764319E-01  0.2226336E-01
   0.1563020E-01  0.2103869E-01
   0.1377424E-01  0.1982627E-01
   0.1206291E-01  0.1862299E-01
   0.1048584E-01  0.1742589E-01
   0.9034541E-02  0.1623216E-01
   0.7702250E-02  0.1503928E-01
   0.6483598E-02  0.1384501E-01
   0.5374681E-02  0.1264746E-01
   0.4372802E-02  0.1144529E-01
   0.3476179E-02  0.1023765E-01
   0.2684018E-02  0.9024557E-02
   0.1995973E-02  0.7806904E-02
   0.1411803E-02  0.6586249E-02
   0.9313566E-03  0.5365844E-02
   0.5537246E-03  0.4149944E-02
   0.2765198E-03  0.2941123E-02
   0.9687500E-04  0.1745945E-02
   0.1053850E-04  0.5767133E-03
   0.1053850E-04 -0.5767133E-03
   0.9687500E-04 -0.1745945E-02
   0.2765198E-03 -0.2941123E-02
   0.5537246E-03 -0.4149944E-02
   0.9313566E-03 -0.5365844E-02
   0.1411803E-02 -0.6586249E-02
   0.1995973E-02 -0.7806904E-02
   0.2684018E-02 -0.9024557E-02
   0.3476179E-02 -0.1023765E-01
   0.4372802E-02 -0.1144529E-01
   0.5374681E-02 -0.1264746E-01
   0.6483598E-02 -0.1384501E-01
   0.7702250E-02 -0.1503928E-01
   0.9034541E-02 -0.1623216E-01
   0.1048584E-01 -0.1742589E-01
   0.1206291E-01 -0.1862299E-01
   0.1377424E-01 -0.1982627E-01
   0.1563020E-01 -0.2103869E-01
   0.1764319E-01 -0.2226336E-01
   0.1982787E-01 -0.2350356E-01
   0.2220150E-01 -0.2476261E-01
   0.2478410E-01 -0.2604384E-01
   0.2759868E-01 -0.2735054E-01
   0.3067141E-01 -0.2868577E-01
   0.3403158E-01 -0.3005218E-01
   0.3771125E-01 -0.3145174E-01
   0.4174446E-01 -0.3288533E-01
   0.4616584E-01 -0.3435234E-01
   0.5100836E-01 -0.3585008E-01
   0.5630035E-01 -0.3737335E-01
   0.6206193E-01 -0.3891409E-01
   0.6830166E-01 -0.4046142E-01
   0.7501409E-01 -0.4200215E-01
   0.8217935E-01 -0.4352172E-01
   0.8976493E-01 -0.4500550E-01
   0.9772943E-01 -0.4644004E-01
   0.1060271     -0.4781401E-01
   0.1146121     -0.4911872E-01
   0.1234417     -0.5034814E-01
   0.1324782     -0.5149865E-01
   0.1416892     -0.5256857E-01
   0.1510481     -0.5355770E-01
   0.1605328     -0.5446691E-01
   0.1701255     -0.5529778E-01
   0.1798118     -0.5605233E-01
   0.1895799     -0.5673288E-01
   0.1994200     -0.5734184E-01
   0.2093244     -0.5788171E-01
   0.2192861     -0.5835495E-01
   0.2292997     -0.5876398E-01
   0.2393603     -0.5911118E-01
   0.2494638     -0.5939881E-01
   0.2596066     -0.5962906E-01
   0.2697856     -0.5980405E-01
   0.2799980     -0.5992579E-01
   0.2902413     -0.5999621E-01
   0.3005134     -0.6001717E-01
   0.3108122     -0.5999043E-01
   0.3211360     -0.5991768E-01
   0.3314831     -0.5980057E-01
   0.3418521     -0.5964063E-01
   0.3522416     -0.5943937E-01
   0.3626504     -0.5919820E-01
   0.3730772     -0.5891851E-01
   0.3835211     -0.5860160E-01
   0.3939811     -0.5824873E-01
   0.4044562     -0.5786111E-01
   0.4149456     -0.5743990E-01
   0.4254484     -0.5698621E-01
   0.4359640     -0.5650110E-01
   0.4464916     -0.5598561E-01
   0.4570305     -0.5544070E-01
   0.4675802     -0.5486733E-01
   0.4781399     -0.5426638E-01
   0.4887091     -0.5363872E-01
   0.4992873     -0.5298518E-01
   0.5098739     -0.5230654E-01
   0.5204685     -0.5160356E-01
   0.5310705     -0.5087696E-01
   0.5416794     -0.5012742E-01
   0.5522949     -0.4935560E-01
   0.5629165     -0.4856213E-01
   0.5735438     -0.4774759E-01
   0.5841763     -0.4691254E-01
   0.5948136     -0.4605752E-01
   0.6054554     -0.4518303E-01
   0.6161013     -0.4428955E-01
   0.6267509     -0.4337751E-01
   0.6374038     -0.4244733E-01
   0.6480598     -0.4149941E-01
   0.6587183     -0.4053411E-01
   0.6693791     -0.3955177E-01
   0.6800419     -0.3855270E-01
   0.6907063     -0.3753717E-01
   0.7013719     -0.3650547E-01
   0.7120385     -0.3545780E-01
   0.7227057     -0.3439440E-01
   0.7333731     -0.3331545E-01
   0.7440405     -0.3222110E-01
   0.7547076     -0.3111149E-01
   0.7653739     -0.2998676E-01
   0.7760391     -0.2884698E-01
   0.7867029     -0.2769224E-01
   0.7973648     -0.2652260E-01
   0.8080244     -0.2533809E-01
   0.8186811     -0.2413876E-01
   0.8293341     -0.2292463E-01
   0.8399825     -0.2169575E-01
   0.8506248     -0.2045220E-01
   0.8612588     -0.1919413E-01
   0.8718812     -0.1792182E-01
   0.8824869     -0.1663578E-01
   0.8930677     -0.1533688E-01
   0.9036108     -0.1402663E-01
   0.9140960     -0.1270752E-01
   0.9244921     -0.1138355E-01
   0.9347519     -0.1006101E-01
   0.9448066     -0.8749269E-02
   0.9545623     -0.7461488E-02
   0.9639016     -0.6214536E-02
   0.9726959     -0.5027479E-02
   0.9808288     -0.3918407E-02
   0.9882216     -0.2900675E-02
   0.9948492     -0.1980411E-02
    1.000000     -0.1260000E-02
