    1.000000      0.1260000E-02
   0.9934654      0.2173173E-02
   0.9848423      0.3367020E-02
   0.9750327      0.4709936E-02
   0.9641484      0.6181394E-02
   0.9524058      0.7747452E-02
   0.9400530      0.9371370E-02
   0.9273048      0.1102257E-01
   0.9143154      0.1267975E-01
   0.9011838      0.1432967E-01
   0.8879694      0.1596473E-01
   0.8747063      0.1758079E-01
   0.8614138      0.1917567E-01
   0.8481030      0.2074826E-01
   0.8347801      0.2229805E-01
   0.8214488      0.2382479E-01
   0.8081113      0.2532837E-01
   0.7947693      0.2680872E-01
   0.7814239      0.2826577E-01
   0.7680758      0.2969943E-01
   0.7547260      0.3110957E-01
   0.7413749      0.3249599E-01
   0.7280235      0.3385847E-01
   0.7146722      0.3519671E-01
   0.7013217      0.3651036E-01
   0.6879727      0.3779902E-01
   0.6746258      0.3906223E-01
   0.6612817      0.4029944E-01
   0.6479410      0.4151007E-01
   0.6346045      0.4269347E-01
   0.6212727      0.4384891E-01
   0.6079465      0.4497561E-01
   0.5946266      0.4607272E-01
   0.5813137      0.4713931E-01
   0.5680085      0.4817439E-01
   0.5547119      0.4917689E-01
   0.5414246      0.5014568E-01
   0.5281476      0.5107954E-01
   0.5148818      0.5197718E-01
   0.5016280      0.5283722E-01
   0.4883872      0.5365821E-01
   0.4751605      0.5443862E-01
   0.4619490      0.5517680E-01
   0.4487537      0.5587105E-01
   0.4355760      0.5651954E-01
   0.4224172      0.5712036E-01
   0.4092786      0.5767149E-01
   0.3961618      0.5817081E-01
   0.3830685      0.5861608E-01
   0.3700004      0.5900492E-01
   0.3569594      0.5933487E-01
   0.3439478      0.5960329E-01
   0.3309679      0.5980742E-01
   0.3180224      0.5994435E-01
   0.3051143      0.6001100E-01
   0.2922467      0.6000414E-01
   0.2794236      0.5992033E-01
   0.2666491      0.5975596E-01
   0.2539283      0.5950721E-01
   0.2412668      0.5917004E-01
   0.2286714      0.5874022E-01
   0.2161503      0.5821328E-01
   0.2037129      0.5758459E-01
   0.1913714      0.5684933E-01
   0.1791405      0.5600266E-01
   0.1670390      0.5503980E-01
   0.1550911      0.5395634E-01
   0.1433280      0.5274869E-01
   0.1317903      0.5141469E-01
   0.1205299      0.4995467E-01
   0.1096125      0.4837269E-01
   0.9911655E-01  0.4667795E-01
   0.8913028E-01  0.4488593E-01
   0.7974294E-01  0.4301857E-01
   0.7103214E-01  0.4110276E-01
   0.6305050E-01  0.3916724E-01
   0.5581691E-01  0.3723871E-01
   0.4931589E-01  0.3533863E-01
   0.4350444E-01  0.3348156E-01
   0.3832244E-01  0.3167537E-01
   0.3370276E-01  0.2992240E-01
   0.2957878E-01  0.2822103E-01
   0.2588886E-01  0.2656711E-01
   0.2257846E-01  0.2495503E-01
   0.1960073E-01  0.2337849E-01
   0.1691627E-01  0.2183094E-01
   0.1449244E-01  0.2030589E-01
   0.1230259E-01  0.1879707E-01
   0.1032536E-01  0.1729859E-01
   0.8544034E-02  0.1580498E-01
   0.6945943E-02  0.1431139E-01
   0.5522021E-02  0.1281378E-01
   0.4266298E-02  0.1130920E-01
   0.3175355E-02  0.9796064E-02
   0.2247791E-02  0.8274781E-02
   0.1483115E-02  0.6747773E-02
   0.8809274E-03  0.5220429E-02
   0.4393398E-03  0.3700591E-02
   0.1533847E-03  0.2194599E-02
   0.1653963E-04  0.7224322E-03
   0.1653963E-04 -0.7224322E-03
   0.1533847E-03 -0.2194599E-02
   0.4393398E-03 -0.3700591E-02
   0.8809274E-03 -0.5220429E-02
   0.1483115E-02 -0.6747773E-02
   0.2247791E-02 -0.8274781E-02
   0.3175355E-02 -0.9796064E-02
   0.4266298E-02 -0.1130920E-01
   0.5522021E-02 -0.1281378E-01
   0.6945943E-02 -0.1431139E-01
   0.8544034E-02 -0.1580498E-01
   0.1032536E-01 -0.1729859E-01
   0.1230259E-01 -0.1879707E-01
   0.1449244E-01 -0.2030589E-01
   0.1691627E-01 -0.2183094E-01
   0.1960073E-01 -0.2337849E-01
   0.2257846E-01 -0.2495503E-01
   0.2588886E-01 -0.2656711E-01
   0.2957878E-01 -0.2822103E-01
   0.3370276E-01 -0.2992240E-01
   0.3832244E-01 -0.3167537E-01
   0.4350444E-01 -0.3348156E-01
   0.4931589E-01 -0.3533863E-01
   0.5581691E-01 -0.3723871E-01
   0.6305050E-01 -0.3916724E-01
   0.7103214E-01 -0.4110276E-01
   0.7974294E-01 -0.4301857E-01
   0.8913028E-01 -0.4488593E-01
   0.9911655E-01 -0.4667795E-01
   0.1096125     -0.4837269E-01
   0.1205299     -0.4995467E-01
   0.1317903     -0.5141469E-01
   0.1433280     -0.5274869E-01
   0.1550911     -0.5395634E-01
   0.1670390     -0.5503980E-01
   0.1791405     -0.5600266E-01
   0.1913714     -0.5684933E-01
   0.2037129     -0.5758459E-01
   0.2161503     -0.5821328E-01
   0.2286714     -0.5874022E-01
   0.2412668     -0.5917004E-01
   0.2539283     -0.5950721E-01
   0.2666491     -0.5975596E-01
   0.2794236     -0.5992033E-01
   0.2922467     -0.6000414E-01
   0.3051143     -0.6001100E-01
   0.3180224     -0.5994435E-01
   0.3309679     -0.5980742E-01
   0.3439478     -0.5960329E-01
   0.3569594     -0.5933487E-01
   0.3700004     -0.5900492E-01
   0.3830685     -0.5861608E-01
   0.3961618     -0.5817081E-01
   0.4092786     -0.5767149E-01
   0.4224172     -0.5712036E-01
   0.4355760     -0.5651954E-01
   0.4487537     -0.5587105E-01
   0.4619490     -0.5517680E-01
   0.4751605     -0.5443862E-01
   0.4883872     -0.5365821E-01
   0.5016280     -0.5283722E-01
   0.5148818     -0.5197718E-01
   0.5281476     -0.5107954E-01
   0.5414246     -0.5014568E-01
   0.5547119     -0.4917689E-01
   0.5680085     -0.4817439E-01
   0.5813137     -0.4713931E-01
   0.5946266     -0.4607272E-01
   0.6079465     -0.4497561E-01
   0.6212727     -0.4384891E-01
   0.6346045     -0.4269347E-01
   0.6479410     -0.4151007E-01
   0.6612817     -0.4029944E-01
   0.6746258     -0.3906223E-01
   0.6879727     -0.3779902E-01
   0.7013217     -0.3651036E-01
   0.7146722     -0.3519671E-01
   0.7280235     -0.3385847E-01
   0.7413749     -0.3249599E-01
   0.7547260     -0.3110957E-01
   0.7680758     -0.2969943E-01
   0.7814239     -0.2826577E-01
   0.7947693     -0.2680872E-01
   0.8081113     -0.2532837E-01
   0.8214488     -0.2382479E-01
   0.8347801     -0.2229805E-01
   0.8481030     -0.2074826E-01
   0.8614138     -0.1917567E-01
   0.8747063     -0.1758079E-01
   0.8879694     -0.1596473E-01
   0.9011838     -0.1432967E-01
   0.9143154     -0.1267975E-01
   0.9273048     -0.1102257E-01
   0.9400530     -0.9371370E-02
   0.9524058     -0.7747452E-02
   0.9641484     -0.6181394E-02
   0.9750327     -0.4709936E-02
   0.9848423     -0.3367020E-02
   0.9934654     -0.2173173E-02
    1.000000     -0.1260000E-02
