 -5.36  -0.326  -0.0800
 -3.51  -0.101  -0.0800
 -1.61   0.093  -0.0800
 -0.41   0.268  -0.0800
  1.19   0.484  -0.0800
  2.81   0.656  -0.0800
  4.42   0.800  -0.0800
  5.92   0.926  -0.0800
  7.53   1.022  -0.0800
  9.05   1.110  -0.0800
 10.23   1.147  -0.0800
 11.96   1.163  -0.0800
 13.04   1.143  -0.0800
 14.70   1.125  -0.0800
 16.43   1.103  -0.0800
 17.98   0.940  -0.0800
 19.24   1.002  -0.0800
 17.05   0.961  -0.0800
 15.95   1.123  -0.0800
 14.47   1.128  -0.0800
 12.87   1.151  -0.0800
 11.34   1.151  -0.0800
  9.89   1.121  -0.0800
  8.27   1.045  -0.0800
  6.69   0.954  -0.0800
  5.15   0.842  -0.0800
  3.70   0.718  -0.0800
  2.19   0.577  -0.0800
  0.69   0.401  -0.0800
 -0.75   0.202  -0.0800
 -2.41  -0.018  -0.0800
 -3.79  -0.144  -0.0800
 -5.45  -0.341  -0.0800
