 -4.77  -0.335   0.0109
 -3.70  -0.277  -0.0082
 -2.73  -0.116  -0.0491
 -1.56   0.126  -0.0947
 -0.48   0.368  -0.1265
  0.45   0.529  -0.1375
  1.55   0.656  -0.1352
  2.67   0.769  -0.1317
  3.84   0.885  -0.1269
  4.59   0.959  -0.1246
  5.88   1.065  -0.1172
  6.56   1.107  -0.1126
  7.82   1.193  -0.1046
  8.53   1.241  -0.1012
  9.72   1.310  -0.0932
 10.79   1.361  -0.0860
 11.84   1.413  -0.0882
 12.73   1.389  -0.1314
 13.67   1.333  -0.1759
 14.59   1.240  -0.1950
 15.59   1.206  -0.1991
 16.63   1.191  -0.2008
 17.63   1.182  -0.2011
 18.64   1.207  -0.2036
 19.69   1.201  -0.2039
 17.54   1.182  -0.2013
 16.85   1.178  -0.2008
 15.79   1.174  -0.1969
 14.70   1.234  -0.1967
 13.67   1.321  -0.1783
 13.16   1.363  -0.1609
 11.86   1.413  -0.0921
 10.83   1.363  -0.0893
  9.78   1.313  -0.0959
  8.71   1.250  -0.1025
  7.60   1.175  -0.1087
  6.45   1.099  -0.1155
  5.71   1.058  -0.1211
  4.47   0.949  -0.1269
  3.72   0.877  -0.1303
  2.45   0.753  -0.1349
  1.75   0.682  -0.1375
  0.62   0.561  -0.1411
 -0.31   0.401  -0.1335
 -1.38   0.182  -0.1052
 -2.51  -0.055  -0.0638
 -3.51  -0.246  -0.0198
 -4.53  -0.322   0.0029
 -5.53  -0.373   0.0190