 -5.14  -0.351   0.0208
 -3.60  -0.286  -0.0044
 -2.49  -0.198  -0.0267
 -1.47  -0.036  -0.0563
 -0.40   0.151  -0.0876
  0.73   0.372  -0.1128
  1.86   0.565  -0.1294
  2.44   0.651  -0.1353
  3.56   0.794  -0.1360
  4.68   0.893  -0.1276
  5.82   0.987  -0.1176
  6.46   1.036  -0.1125
  7.54   1.102  -0.1036
  8.61   1.166  -0.0964
  9.67   1.233  -0.0904
 10.72   1.291  -0.0836
 11.75   1.327  -0.0775
 12.80   1.350  -0.0803
 13.80   1.343  -0.1492
 14.79   1.178  -0.1793
 15.38   1.174  -0.1859
 17.06   1.149  -0.1903
 17.66   1.156  -0.1924
 18.82   1.165  -0.1946
 19.96   1.193  -0.1980
 17.83   1.172  -0.1976
 16.74   1.144  -0.1920
 15.71   1.140  -0.1859
 14.71   1.216  -0.1848
 13.83   1.333  -0.1495
 12.87   1.355  -0.0922
 11.94   1.335  -0.0843
 10.97   1.303  -0.0882
  9.56   1.229  -0.0966
  9.00   1.193  -0.1005
  7.53   1.104  -0.1099
  6.94   1.074  -0.1161
  5.91   0.998  -0.1259
  4.87   0.916  -0.1349
  3.83   0.831  -0.1440
  2.80   0.711  -0.1468
  1.79   0.558  -0.1382
  0.29   0.288  -0.1108
 -0.25   0.181  -0.0985
 -1.79  -0.098  -0.0547
 -2.74  -0.215  -0.0301
 -3.68  -0.279  -0.0093
 -4.61  -0.330   0.0083
 -5.55  -0.358   0.0193