 -6.05  -0.339  -0.0620
 -4.22  -0.109  -0.0832
 -3.48  -0.015  -0.0881
 -2.27   0.105  -0.0881
 -1.62   0.168  -0.0865
 -0.31   0.296  -0.0819
  0.31   0.369  -0.0830
  1.49   0.501  -0.0841
  2.69   0.614  -0.0808
  3.89   0.725  -0.0774
  4.52   0.785  -0.0755
  5.82   0.900  -0.0714
  7.00   0.999  -0.0677
  7.66   1.054  -0.0654
  8.79   1.146  -0.0619
  9.85   1.232  -0.0590
 11.00   1.288  -0.0496
 11.63   1.298  -0.0432
 12.73   1.312  -0.0338
 13.78   1.321  -0.0278
 14.82   1.322  -0.0261
 15.96   1.325  -0.0286
 16.58   1.319  -0.0321
 17.19   0.937  -0.1341
 18.99   0.975  -0.1395
 16.70   0.919  -0.1285
 15.44   0.939  -0.1239
 14.79   1.052  -0.1198
 13.93   1.321  -0.0278
 12.92   1.314  -0.0328
 11.96   1.301  -0.0404
 10.98   1.291  -0.0507
  9.97   1.243  -0.0590
  8.87   1.158  -0.0631
  7.75   1.067  -0.0668
  6.65   0.977  -0.0708
  5.56   0.882  -0.0745
  4.95   0.828  -0.0767
  3.81   0.726  -0.0806
  2.57   0.609  -0.0833
  1.86   0.543  -0.0852
  0.73   0.437  -0.0881
 -0.41   0.287  -0.0835
 -1.54   0.181  -0.0875
 -2.25   0.114  -0.0883
 -3.49  -0.009  -0.0889
 -4.67  -0.165  -0.0772
 -5.39  -0.255  -0.0708
 -6.52  -0.408  -0.0289