 -4.64  -0.177   0.0213   0.0220   0.0207   0.0205   0.0219
 -2.92   0.038   0.0156   0.0157   0.0158   0.0152   0.0155
 -1.57   0.166   0.0132   0.0135   0.0134   0.0133   0.0127
  0.10   0.338   0.0105   0.0108   0.0103   0.0111   0.0099
  1.74   0.526   0.0111   0.0110   0.0116   0.0108   0.0111
  3.11   0.654   0.0115   0.0115   0.0116   0.0111   0.0117
  4.76   0.810   0.0125   0.0124   0.0126   0.0122   0.0126
  6.24   0.944   0.0147   0.0139   0.0154   0.0149   0.0146
  7.78   1.073   0.0170   0.0166   0.0170   0.0172   0.0173
  9.30   1.197   0.0192   0.0188   0.0189   0.0197   0.0195
 10.78   1.290   0.0225   0.0221   0.0221   0.0239   0.0217
 12.35   1.309   0.0349   0.0336   0.0337   0.0401   0.0323