 -4.08   -0.119   0.0306  0.0287   0.0315  0.0293   0.0330
 -3.05    0.025   0.0211  0.0211   0.0202  0.0205   0.0227
 -2.04    0.160   0.0176  0.0191   0.0170  0.0156   0.0186
 -0.95    0.267   0.0164  0.0176   0.0147  0.0148   0.0187
  0.05    0.356   0.0190  0.0194   0.0180  0.0180   0.0206
  1.04    0.450   0.0214  0.0223   0.0201  0.0210   0.0224
  2.19    0.547   0.0241  0.0250   0.0217  0.0231   0.0263
  3.06    0.625   0.0275  0.0287   0.0254  0.0265   0.0293
  4.12    0.728   0.0282  0.0290   0.0272  0.0267   0.0300
  5.16    0.837   0.0264  0.0280   0.0258  0.0252   0.0266
  6.16    0.937   0.0227  0.0252   0.0221  0.0209   0.0227
  7.15    1.038   0.0211  0.0224   0.0215  0.0199   0.0206
  8.22    1.133   0.0202  0.0212   0.0183  0.0212   0.0200
  9.24    1.179   0.0258  0.0253   0.0264  0.0255   0.0258
 10.27    1.193   0.0359  0.0374   0.0355  0.0350   0.0358