 -5.88  -0.326  -0.1630
 -4.26  -0.142  -0.1630
 -2.75   0.192  -0.1630
 -1.11   0.412  -0.1630
  0.32   0.559  -0.1630
  1.92   0.706  -0.1630
  3.31   0.842  -0.1630
  4.96   0.993  -0.1630
  6.43   1.120  -0.1630
  8.07   1.262  -0.1630
  9.69   1.384  -0.1630
 11.04   1.445  -0.1630
 12.54   1.402  -0.1630
 14.11   1.382  -0.1630
 15.55   1.367  -0.1630
 16.86   1.345  -0.1630
 18.50   1.228  -0.1630
 17.02   1.327  -0.1630
 15.70   1.349  -0.1630
 14.14   1.366  -0.1630
 12.64   1.385  -0.1630
 11.09   1.434  -0.1630
  9.66   1.371  -0.1630
  8.19   1.255  -0.1630
  6.56   1.114  -0.1630
  4.90   0.963  -0.1630
  3.43   0.825  -0.1630
  2.00   0.689  -0.1630
  0.48   0.548  -0.1630
 -1.15   0.383  -0.1630
 -2.64   0.176  -0.1630
 -4.28  -0.173  -0.1630
 -5.70  -0.321  -0.1630