 -6.06  -0.555   0.0230   0.0227   0.0232   0.0205   0.0255
 -4.31  -0.430   0.0175   0.0091   0.0241   0.0169   0.0199
 -2.72  -0.322   0.0177   0.0176   0.0178   0.0176   0.0179
 -1.17  -0.042   0.0191   0.0210   0.0166   0.0186   0.0203
  0.32   0.030   0.0113   0.0126   0.0166   0.0062   0.0098
  1.84   0.142   0.0173   0.0146   0.0183   0.0187   0.0175
  3.18   0.383   0.0162   0.0176   0.0157   0.0172   0.0143
  4.69   0.515   0.0184   0.0208   0.0179   0.0185   0.0165
  6.51   0.648   0.0270   0.0231   0.0299   0.0321   0.0229
  7.91   0.736   0.0405   0.0314   0.0375   0.0494   0.0435
