 -5.83  -0.115  -0.1630
 -4.48   0.092  -0.1630
 -2.86   0.285  -0.1630
 -1.29   0.438  -0.1630
  0.17   0.589  -0.1630
  1.80   0.749  -0.1630
  3.30   0.895  -0.1630
  4.87   1.045  -0.1630
  6.53   1.197  -0.1630
  8.02   1.321  -0.1630
 10.05   1.436  -0.1630
 11.28   1.426  -0.1630
 12.77   1.402  -0.1630
 14.07   1.384  -0.1630
 15.77   1.376  -0.1630
 17.17   1.357  -0.1630
 18.44   1.191  -0.1630
 17.04   1.365  -0.1630
 15.46   1.382  -0.1630
 14.05   1.382  -0.1630
 12.52   1.406  -0.1630
 10.93   1.430  -0.1630
  9.33   1.407  -0.1630
  7.89   1.311  -0.1630
  6.49   1.192  -0.1630
  4.88   1.039  -0.1630
  3.31   0.889  -0.1630
  1.84   0.745  -0.1630
  0.30   0.592  -0.1630
 -1.12   0.448  -0.1630
 -2.67   0.296  -0.1630
 -4.10   0.148  -0.1630
 -5.84  -0.130  -0.1630