 -2.83   0.591   0.0414   0.0404   0.0435   0.0423   0.0394
 -1.45   0.910   0.0190   0.0192   0.0184   0.0201   0.0182
 -0.00   1.083   0.0191   0.0198   0.0183   0.0194   0.0190
  0.67   1.145   0.0200   0.0208   0.0192   0.0201   0.0198
  1.82   1.256   0.0212   0.0217   0.0202   0.0215   0.0212
  2.99   1.369   0.0223   0.0224   0.0218   0.0227   0.0222
  3.77   1.428   0.0227   0.0226   0.0225   0.0231   0.0225
  4.76   1.510   0.0245   0.0239   0.0247   0.0250   0.0246
  6.26   1.628   0.0277   0.0273   0.0281   0.0280   0.0274
  6.90   1.678   0.0289   0.0280   0.0298   0.0291   0.0288
  7.93   1.753   0.0314   0.0305   0.0323   0.0318   0.0311
  8.91   1.829   0.0335   0.0333   0.0342   0.0340   0.0325
 10.16   1.913   0.0360   0.0361   0.0367   0.0363   0.0348
 11.10   1.971   0.0383   0.0385   0.0392   0.0378   0.0375
 11.87   2.018   0.0397   0.0406   0.0406   0.0393   0.0384
 13.17   2.094   0.0413   0.0422   0.0419   0.0408   0.0404
 13.96   2.139   0.0428   0.0448   0.0424   0.0416   0.0423
 15.19   2.195   0.0454   0.0482   0.0442   0.0435   0.0456
