 -8.91  -0.167  -0.2900
 -7.78  -0.159  -0.2900
 -6.76  -0.115  -0.2900
 -5.89  -0.056  -0.2900
 -4.76   0.105  -0.2900
 -3.70   0.330  -0.2900
 -2.66   0.760  -0.2900
 -1.54   0.905  -0.2900
 -0.54   1.018  -0.2900
  0.44   1.115  -0.2900
  1.45   1.208  -0.2900
  2.47   1.297  -0.2900
  3.54   1.380  -0.2900
  4.49   1.456  -0.2900
  5.55   1.536  -0.2900
  6.58   1.614  -0.2900
  7.54   1.677  -0.2900
  8.61   1.749  -0.2900
  9.67   1.814  -0.2900
 10.62   1.864  -0.2900
 11.71   1.933  -0.2900
 12.72   1.983  -0.2900
 13.74   2.039  -0.2900
 14.75   2.099  -0.2900
 15.72   2.147  -0.2900
 16.76   2.164  -0.2900
 17.74   2.148  -0.2900
 18.78   2.092  -0.2900
 19.70   2.003  -0.2900
 20.70   1.967  -0.2900
 21.61   1.431  -0.2900
 22.51   1.466  -0.2900
 23.60   1.520  -0.2900
 22.74   1.528  -0.2900
 21.71   1.463  -0.2900
 20.70   1.387  -0.2900
 19.65   1.372  -0.2900
 18.70   1.353  -0.2900
 17.67   1.321  -0.2900
 16.68   1.310  -0.2900
 15.68   1.248  -0.2900
 14.60   1.253  -0.2900
 13.65   1.232  -0.2900
 12.61   1.199  -0.2900
 11.67   1.183  -0.2900
 10.67   1.181  -0.2900
  9.59   1.127  -0.2900
  8.60   1.067  -0.2900
  7.60   1.114  -0.2900
  6.60   1.106  -0.2900
  5.76   1.549  -0.2900
  4.79   1.471  -0.2900
  3.78   1.389  -0.2900
  2.64   1.303  -0.2900
  1.62   1.211  -0.2900
  0.60   1.116  -0.2900
 -0.47   1.012  -0.2900
 -1.47   0.893  -0.2900
 -2.49   0.769  -0.2900
 -3.62   0.305  -0.2900
 -4.58   0.119  -0.2900
 -5.67  -0.030  -0.2900
 -6.72  -0.129  -0.2900
 -7.70  -0.171  -0.2900
 -8.74  -0.179  -0.2900