 -6.82  -0.196  -0.2900
 -5.71  -0.155  -0.2900
 -4.53   0.003  -0.2900
 -3.31   0.341  -0.2900
 -2.47   0.727  -0.2900
 -1.02   0.894  -0.2900
 -0.04   0.996  -0.2900
  0.89   1.085  -0.2900
  1.76   1.167  -0.2900
  2.61   1.246  -0.2900
  3.73   1.332  -0.2900
  4.81   1.421  -0.2900
  5.75   1.487  -0.2900
  6.66   1.544  -0.2900
  8.03   1.149  -0.2900
  8.63   1.135  -0.2900
  9.61   1.151  -0.2900
 11.07   1.155  -0.2900
 12.00   1.188  -0.2900
 12.94   1.176  -0.2900
 13.88   1.261  -0.2900
 14.94   1.245  -0.2900
 15.89   1.244  -0.2900
 16.84   1.235  -0.2900
 18.01   1.278  -0.2900
 19.05   1.359  -0.2900
 19.66   1.353  -0.2900
 18.54   1.344  -0.2900
 17.33   1.304  -0.2900
 16.19   1.209  -0.2900
 15.57   1.223  -0.2900
 14.32   1.223  -0.2900
 13.59   1.197  -0.2900
 12.57   1.208  -0.2900
 11.34   1.161  -0.2900
 10.33   1.128  -0.2900
  9.32   1.144  -0.2900
  8.29   1.120  -0.2900
  7.52   1.208  -0.2900
  6.64   1.530  -0.2900
  5.38   1.451  -0.2900
  4.70   1.392  -0.2900
  3.33   1.280  -0.2900
  2.42   1.209  -0.2900
  1.50   1.119  -0.2900
  0.48   1.023  -0.2900
 -0.66   0.913  -0.2900
 -1.77   0.791  -0.2900
 -2.62   0.678  -0.2900
 -3.71   0.197  -0.2900
 -4.78  -0.038  -0.2900
 -5.76  -0.180  -0.2900
 -6.63  -0.220  -0.2900