 -2.29   0.784   0.0255   0.0269   0.0240   0.0268   0.0243
 -0.81   0.956   0.0200   0.0203   0.0201   0.0201   0.0195
  0.75   1.130   0.0221   0.0227   0.0224   0.0222   0.0213
  2.92   1.339   0.0259   0.0258   0.0263   0.0267   0.0248
  3.94   1.432   0.0275   0.0267   0.0279   0.0283   0.0271
  5.25   1.543   0.0315   0.0309   0.0317   0.0327   0.0307
  6.87   1.669   0.0359   0.0356   0.0369   0.0362   0.0350
  8.64   1.796   0.0425   0.0428   0.0425   0.0434   0.0413
  9.94   1.879   0.0477   0.0483   0.0489   0.0486   0.0448
 11.47   1.972   0.0532   0.0534   0.0551   0.0538   0.0505
